NODE_10_length_1095_cov_41.674885 0 1193 124.274937133277
NODE_11_length_207389_cov_20.800173 0 2000 66.85
NODE_11_length_207389_cov_20.800173 2000 4000 68.53
NODE_11_length_207389_cov_20.800173 20000 22000 60.27
NODE_11_length_207389_cov_20.800173 200000 202000 60.83
NODE_11_length_207389_cov_20.800173 202000 204000 63.56
NODE_11_length_207389_cov_20.800173 204000 206000 66.01
NODE_11_length_207389_cov_20.800173 206000 207487 52.5353059852051
NODE_11_length_207389_cov_20.800173 22000 24000 75.39
NODE_11_length_207389_cov_20.800173 24000 26000 65.1
NODE_11_length_207389_cov_20.800173 26000 28000 72.8
NODE_11_length_207389_cov_20.800173 28000 30000 59.43
NODE_11_length_207389_cov_20.800173 30000 32000 64.96
NODE_11_length_207389_cov_20.800173 32000 34000 80.08
NODE_11_length_207389_cov_20.800173 34000 36000 58.59
NODE_11_length_207389_cov_20.800173 36000 38000 63.28
NODE_11_length_207389_cov_20.800173 38000 40000 77
NODE_11_length_207389_cov_20.800173 4000 6000 74.83
NODE_11_length_207389_cov_20.800173 40000 42000 74.13
NODE_11_length_207389_cov_20.800173 42000 44000 74.13
NODE_11_length_207389_cov_20.800173 44000 46000 63.98
NODE_11_length_207389_cov_20.800173 46000 48000 70.77
NODE_11_length_207389_cov_20.800173 48000 50000 65.38
NODE_11_length_207389_cov_20.800173 50000 52000 68.25
NODE_11_length_207389_cov_20.800173 52000 54000 70.7
NODE_11_length_207389_cov_20.800173 54000 56000 59.15
NODE_11_length_207389_cov_20.800173 56000 58000 54.88
NODE_11_length_207389_cov_20.800173 58000 60000 71.05
NODE_11_length_207389_cov_20.800173 6000 8000 72.66
NODE_11_length_207389_cov_20.800173 60000 62000 63.98
NODE_11_length_207389_cov_20.800173 62000 64000 69.02
NODE_11_length_207389_cov_20.800173 64000 66000 68.74
NODE_11_length_207389_cov_20.800173 66000 68000 70.14
NODE_11_length_207389_cov_20.800173 68000 70000 68.67
NODE_11_length_207389_cov_20.800173 70000 72000 63.56
NODE_11_length_207389_cov_20.800173 72000 74000 70.42
NODE_11_length_207389_cov_20.800173 74000 76000 74.62
NODE_11_length_207389_cov_20.800173 76000 78000 69.16
NODE_11_length_207389_cov_20.800173 78000 80000 64.33
NODE_11_length_207389_cov_20.800173 8000 10000 70.07
NODE_11_length_207389_cov_20.800173 80000 82000 67.2
NODE_11_length_207389_cov_20.800173 82000 84000 78.54
NODE_11_length_207389_cov_20.800173 84000 86000 75.88
NODE_11_length_207389_cov_20.800173 86000 88000 78.61
NODE_11_length_207389_cov_20.800173 88000 90000 66.64
NODE_11_length_207389_cov_20.800173 90000 92000 69.3
NODE_11_length_207389_cov_20.800173 92000 94000 70.49
NODE_11_length_207389_cov_20.800173 94000 96000 68.95
NODE_11_length_207389_cov_20.800173 96000 98000 66.29
NODE_11_length_207389_cov_20.800173 98000 100000 60.62
NODE_11_length_207389_cov_20.800173 10000 12000 60.06
NODE_11_length_207389_cov_20.800173 100000 102000 64.4
NODE_11_length_207389_cov_20.800173 102000 104000 57.4
NODE_11_length_207389_cov_20.800173 104000 106000 60.55
NODE_11_length_207389_cov_20.800173 106000 108000 66.5
NODE_11_length_207389_cov_20.800173 108000 110000 65.52
NODE_11_length_207389_cov_20.800173 110000 112000 58.94
NODE_11_length_207389_cov_20.800173 112000 114000 78.82
NODE_11_length_207389_cov_20.800173 114000 116000 76.02
NODE_11_length_207389_cov_20.800173 116000 118000 67.2
NODE_11_length_207389_cov_20.800173 118000 120000 63.98
NODE_11_length_207389_cov_20.800173 12000 14000 68.18
NODE_11_length_207389_cov_20.800173 120000 122000 65.8
NODE_11_length_207389_cov_20.800173 122000 124000 65.73
NODE_11_length_207389_cov_20.800173 124000 126000 57.26
NODE_11_length_207389_cov_20.800173 126000 128000 63.35
NODE_11_length_207389_cov_20.800173 128000 130000 64.26
NODE_11_length_207389_cov_20.800173 130000 132000 70.77
NODE_11_length_207389_cov_20.800173 132000 134000 70.91
NODE_11_length_207389_cov_20.800173 134000 136000 71.33
NODE_11_length_207389_cov_20.800173 136000 138000 74.9
NODE_11_length_207389_cov_20.800173 138000 140000 65.52
NODE_11_length_207389_cov_20.800173 14000 16000 66.85
NODE_11_length_207389_cov_20.800173 140000 142000 70.7
NODE_11_length_207389_cov_20.800173 142000 144000 69.3
NODE_11_length_207389_cov_20.800173 144000 146000 75.39
NODE_11_length_207389_cov_20.800173 146000 148000 73.29
NODE_11_length_207389_cov_20.800173 148000 150000 73.29
NODE_11_length_207389_cov_20.800173 150000 152000 63
NODE_11_length_207389_cov_20.800173 152000 154000 60.9
NODE_11_length_207389_cov_20.800173 154000 156000 75.53
NODE_11_length_207389_cov_20.800173 156000 158000 76.65
NODE_11_length_207389_cov_20.800173 158000 160000 59.71
NODE_11_length_207389_cov_20.800173 16000 18000 69.37
NODE_11_length_207389_cov_20.800173 160000 162000 66.85
NODE_11_length_207389_cov_20.800173 162000 164000 65.1
NODE_11_length_207389_cov_20.800173 164000 166000 65.1
NODE_11_length_207389_cov_20.800173 166000 168000 66.22
NODE_11_length_207389_cov_20.800173 168000 170000 61.32
NODE_11_length_207389_cov_20.800173 170000 172000 60.55
NODE_11_length_207389_cov_20.800173 172000 174000 73.57
NODE_11_length_207389_cov_20.800173 174000 176000 59.85
NODE_11_length_207389_cov_20.800173 176000 178000 69.51
NODE_11_length_207389_cov_20.800173 178000 180000 53.97
NODE_11_length_207389_cov_20.800173 18000 20000 62.44
NODE_11_length_207389_cov_20.800173 180000 182000 61.11
NODE_11_length_207389_cov_20.800173 182000 184000 69.79
NODE_11_length_207389_cov_20.800173 184000 186000 60.76
NODE_11_length_207389_cov_20.800173 186000 188000 64.75
NODE_11_length_207389_cov_20.800173 188000 190000 61.6
NODE_11_length_207389_cov_20.800173 190000 192000 67.76
NODE_11_length_207389_cov_20.800173 192000 194000 57.33
NODE_11_length_207389_cov_20.800173 194000 196000 63.49
NODE_11_length_207389_cov_20.800173 196000 198000 62.23
NODE_11_length_207389_cov_20.800173 198000 200000 65.45
NODE_12_length_949_cov_73.054794 0 1047 198.968481375358
NODE_13_length_23104_cov_17.959833 0 2000 35.98
NODE_13_length_23104_cov_17.959833 2000 4000 38.99
NODE_13_length_23104_cov_17.959833 20000 22000 75.53
NODE_13_length_23104_cov_17.959833 22000 23202 65.3410981697171
NODE_13_length_23104_cov_17.959833 4000 6000 39.41
NODE_13_length_23104_cov_17.959833 6000 8000 38.99
NODE_13_length_23104_cov_17.959833 8000 10000 46.27
NODE_13_length_23104_cov_17.959833 10000 12000 60.27
NODE_13_length_23104_cov_17.959833 12000 14000 68.6
NODE_13_length_23104_cov_17.959833 14000 16000 70.35
NODE_13_length_23104_cov_17.959833 16000 18000 74.2
NODE_13_length_23104_cov_17.959833 18000 20000 70.21
NODE_14_length_37447_cov_19.476460 0 2000 53.97
NODE_14_length_37447_cov_19.476460 2000 4000 60.83
NODE_14_length_37447_cov_19.476460 20000 22000 65.94
NODE_14_length_37447_cov_19.476460 22000 24000 63.84
NODE_14_length_37447_cov_19.476460 24000 26000 59.99
NODE_14_length_37447_cov_19.476460 26000 28000 61.18
NODE_14_length_37447_cov_19.476460 28000 30000 66.71
NODE_14_length_37447_cov_19.476460 30000 32000 63.84
NODE_14_length_37447_cov_19.476460 32000 34000 56.84
NODE_14_length_37447_cov_19.476460 34000 36000 56.14
NODE_14_length_37447_cov_19.476460 36000 37545 63.6116504854369
NODE_14_length_37447_cov_19.476460 4000 6000 52.08
NODE_14_length_37447_cov_19.476460 6000 8000 62.79
NODE_14_length_37447_cov_19.476460 8000 10000 63.42
NODE_14_length_37447_cov_19.476460 10000 12000 63.07
NODE_14_length_37447_cov_19.476460 12000 14000 63.35
NODE_14_length_37447_cov_19.476460 14000 16000 68.88
NODE_14_length_37447_cov_19.476460 16000 18000 71.61
NODE_14_length_37447_cov_19.476460 18000 20000 64.19
NODE_15_length_2568_cov_16.217289 0 2000 56.07
NODE_15_length_2568_cov_16.217289 2000 2666 37.2072072072072
NODE_18_length_113582_cov_18.909678 0 2000 50.61
NODE_18_length_113582_cov_18.909678 2000 4000 53.9
NODE_18_length_113582_cov_18.909678 20000 22000 46.97
NODE_18_length_113582_cov_18.909678 22000 24000 46.27
NODE_18_length_113582_cov_18.909678 24000 26000 52.5
NODE_18_length_113582_cov_18.909678 26000 28000 44.66
NODE_18_length_113582_cov_18.909678 28000 30000 52.36
NODE_18_length_113582_cov_18.909678 30000 32000 55.65
NODE_18_length_113582_cov_18.909678 32000 34000 63.21
NODE_18_length_113582_cov_18.909678 34000 36000 57.61
NODE_18_length_113582_cov_18.909678 36000 38000 67.55
NODE_18_length_113582_cov_18.909678 38000 40000 63.56
NODE_18_length_113582_cov_18.909678 4000 6000 51.17
NODE_18_length_113582_cov_18.909678 40000 42000 57.05
NODE_18_length_113582_cov_18.909678 42000 44000 54.81
NODE_18_length_113582_cov_18.909678 44000 46000 52.43
NODE_18_length_113582_cov_18.909678 46000 48000 60.27
NODE_18_length_113582_cov_18.909678 48000 50000 53.97
NODE_18_length_113582_cov_18.909678 50000 52000 47.04
NODE_18_length_113582_cov_18.909678 52000 54000 68.04
NODE_18_length_113582_cov_18.909678 54000 56000 77.7
NODE_18_length_113582_cov_18.909678 56000 58000 75.11
NODE_18_length_113582_cov_18.909678 58000 60000 62.51
NODE_18_length_113582_cov_18.909678 6000 8000 56.98
NODE_18_length_113582_cov_18.909678 60000 62000 70.7
NODE_18_length_113582_cov_18.909678 62000 64000 68.6
NODE_18_length_113582_cov_18.909678 64000 66000 69.86
NODE_18_length_113582_cov_18.909678 66000 68000 55.79
NODE_18_length_113582_cov_18.909678 68000 70000 55.72
NODE_18_length_113582_cov_18.909678 70000 72000 54.25
NODE_18_length_113582_cov_18.909678 72000 74000 59.29
NODE_18_length_113582_cov_18.909678 74000 76000 60.83
NODE_18_length_113582_cov_18.909678 76000 78000 67.27
NODE_18_length_113582_cov_18.909678 78000 80000 57.89
NODE_18_length_113582_cov_18.909678 8000 10000 64.05
NODE_18_length_113582_cov_18.909678 80000 82000 62.86
NODE_18_length_113582_cov_18.909678 82000 84000 74.76
NODE_18_length_113582_cov_18.909678 84000 86000 72.87
NODE_18_length_113582_cov_18.909678 86000 88000 73.36
NODE_18_length_113582_cov_18.909678 88000 90000 65.1
NODE_18_length_113582_cov_18.909678 90000 92000 71.12
NODE_18_length_113582_cov_18.909678 92000 94000 71.89
NODE_18_length_113582_cov_18.909678 94000 96000 62.3
NODE_18_length_113582_cov_18.909678 96000 98000 63.42
NODE_18_length_113582_cov_18.909678 98000 100000 61.32
NODE_18_length_113582_cov_18.909678 10000 12000 63.07
NODE_18_length_113582_cov_18.909678 100000 102000 67.97
NODE_18_length_113582_cov_18.909678 102000 104000 65.38
NODE_18_length_113582_cov_18.909678 104000 106000 67.97
NODE_18_length_113582_cov_18.909678 106000 108000 61.74
NODE_18_length_113582_cov_18.909678 108000 110000 60.41
NODE_18_length_113582_cov_18.909678 110000 112000 65.87
NODE_18_length_113582_cov_18.909678 112000 113680 66.1666666666667
NODE_18_length_113582_cov_18.909678 12000 14000 60.55
NODE_18_length_113582_cov_18.909678 14000 16000 69.23
NODE_18_length_113582_cov_18.909678 16000 18000 76.72
NODE_18_length_113582_cov_18.909678 18000 20000 72.31
NODE_1_length_39106_cov_19.675804 0 2000 63.7
NODE_1_length_39106_cov_19.675804 2000 4000 73.15
NODE_1_length_39106_cov_19.675804 20000 22000 60.13
NODE_1_length_39106_cov_19.675804 22000 24000 76.3
NODE_1_length_39106_cov_19.675804 24000 26000 55.09
NODE_1_length_39106_cov_19.675804 26000 28000 63
NODE_1_length_39106_cov_19.675804 28000 30000 68.25
NODE_1_length_39106_cov_19.675804 30000 32000 67.06
NODE_1_length_39106_cov_19.675804 32000 34000 49.77
NODE_1_length_39106_cov_19.675804 34000 36000 71.12
NODE_1_length_39106_cov_19.675804 36000 38000 70.42
NODE_1_length_39106_cov_19.675804 38000 39204 50.2325581395349
NODE_1_length_39106_cov_19.675804 4000 6000 58.59
NODE_1_length_39106_cov_19.675804 6000 8000 67.41
NODE_1_length_39106_cov_19.675804 8000 10000 54.88
NODE_1_length_39106_cov_19.675804 10000 12000 57.4
NODE_1_length_39106_cov_19.675804 12000 14000 54.74
NODE_1_length_39106_cov_19.675804 14000 16000 65.52
NODE_1_length_39106_cov_19.675804 16000 18000 61.04
NODE_1_length_39106_cov_19.675804 18000 20000 63.21
NODE_2_length_23013_cov_23.495808 0 2000 65.03
NODE_2_length_23013_cov_23.495808 2000 4000 78.33
NODE_2_length_23013_cov_23.495808 20000 22000 72.87
NODE_2_length_23013_cov_23.495808 22000 23111 56.5796579657966
NODE_2_length_23013_cov_23.495808 4000 6000 78.61
NODE_2_length_23013_cov_23.495808 6000 8000 67.69
NODE_2_length_23013_cov_23.495808 8000 10000 71.05
NODE_2_length_23013_cov_23.495808 10000 12000 78.75
NODE_2_length_23013_cov_23.495808 12000 14000 78.4
NODE_2_length_23013_cov_23.495808 14000 16000 80.43
NODE_2_length_23013_cov_23.495808 16000 18000 74.2
NODE_2_length_23013_cov_23.495808 18000 20000 77.49
NODE_3_length_58172_cov_22.135443 0 2000 63.14
NODE_3_length_58172_cov_22.135443 2000 4000 57.89
NODE_3_length_58172_cov_22.135443 20000 22000 65.31
NODE_3_length_58172_cov_22.135443 22000 24000 60.76
NODE_3_length_58172_cov_22.135443 24000 26000 68.04
NODE_3_length_58172_cov_22.135443 26000 28000 82.88
NODE_3_length_58172_cov_22.135443 28000 30000 71.82
NODE_3_length_58172_cov_22.135443 30000 32000 69.02
NODE_3_length_58172_cov_22.135443 32000 34000 70.77
NODE_3_length_58172_cov_22.135443 34000 36000 68.95
NODE_3_length_58172_cov_22.135443 36000 38000 71.47
NODE_3_length_58172_cov_22.135443 38000 40000 67.83
NODE_3_length_58172_cov_22.135443 4000 6000 77
NODE_3_length_58172_cov_22.135443 40000 42000 75.53
NODE_3_length_58172_cov_22.135443 42000 44000 71.26
NODE_3_length_58172_cov_22.135443 44000 46000 75.25
NODE_3_length_58172_cov_22.135443 46000 48000 63.98
NODE_3_length_58172_cov_22.135443 48000 50000 74.97
NODE_3_length_58172_cov_22.135443 50000 52000 69.09
NODE_3_length_58172_cov_22.135443 52000 54000 74.13
NODE_3_length_58172_cov_22.135443 54000 56000 71.19
NODE_3_length_58172_cov_22.135443 56000 58000 75.53
NODE_3_length_58172_cov_22.135443 58000 58270 6.22222222222222
NODE_3_length_58172_cov_22.135443 6000 8000 77.91
NODE_3_length_58172_cov_22.135443 8000 10000 69.65
NODE_3_length_58172_cov_22.135443 10000 12000 74.27
NODE_3_length_58172_cov_22.135443 12000 14000 77.21
NODE_3_length_58172_cov_22.135443 14000 16000 83.02
NODE_3_length_58172_cov_22.135443 16000 18000 68.74
NODE_3_length_58172_cov_22.135443 18000 20000 47.67
NODE_4_length_27331_cov_18.265047 0 2000 49.35
NODE_4_length_27331_cov_18.265047 2000 4000 62.58
NODE_4_length_27331_cov_18.265047 20000 22000 67.9
NODE_4_length_27331_cov_18.265047 22000 24000 60.41
NODE_4_length_27331_cov_18.265047 24000 26000 61.88
NODE_4_length_27331_cov_18.265047 26000 27429 57.4107767669699
NODE_4_length_27331_cov_18.265047 4000 6000 55.09
NODE_4_length_27331_cov_18.265047 6000 8000 58.8
NODE_4_length_27331_cov_18.265047 8000 10000 63.07
NODE_4_length_27331_cov_18.265047 10000 12000 63.84
NODE_4_length_27331_cov_18.265047 12000 14000 62.02
NODE_4_length_27331_cov_18.265047 14000 16000 61.18
NODE_4_length_27331_cov_18.265047 16000 18000 53.13
NODE_4_length_27331_cov_18.265047 18000 20000 49
NODE_5_length_120262_cov_20.250687 0 2000 68.46
NODE_5_length_120262_cov_20.250687 2000 4000 76.86
NODE_5_length_120262_cov_20.250687 20000 22000 61.81
NODE_5_length_120262_cov_20.250687 22000 24000 63.14
NODE_5_length_120262_cov_20.250687 24000 26000 63.28
NODE_5_length_120262_cov_20.250687 26000 28000 56.84
NODE_5_length_120262_cov_20.250687 28000 30000 67.69
NODE_5_length_120262_cov_20.250687 30000 32000 56.77
NODE_5_length_120262_cov_20.250687 32000 34000 63.91
NODE_5_length_120262_cov_20.250687 34000 36000 54.74
NODE_5_length_120262_cov_20.250687 36000 38000 73.01
NODE_5_length_120262_cov_20.250687 38000 40000 70.28
NODE_5_length_120262_cov_20.250687 4000 6000 70.07
NODE_5_length_120262_cov_20.250687 40000 42000 53.62
NODE_5_length_120262_cov_20.250687 42000 44000 63.28
NODE_5_length_120262_cov_20.250687 44000 46000 59.71
NODE_5_length_120262_cov_20.250687 46000 48000 63.56
NODE_5_length_120262_cov_20.250687 48000 50000 67.06
NODE_5_length_120262_cov_20.250687 50000 52000 61.39
NODE_5_length_120262_cov_20.250687 52000 54000 63.35
NODE_5_length_120262_cov_20.250687 54000 56000 74.97
NODE_5_length_120262_cov_20.250687 56000 58000 62.86
NODE_5_length_120262_cov_20.250687 58000 60000 58.73
NODE_5_length_120262_cov_20.250687 6000 8000 69.93
NODE_5_length_120262_cov_20.250687 60000 62000 52.29
NODE_5_length_120262_cov_20.250687 62000 64000 55.65
NODE_5_length_120262_cov_20.250687 64000 66000 61.46
NODE_5_length_120262_cov_20.250687 66000 68000 57.75
NODE_5_length_120262_cov_20.250687 68000 70000 51.24
NODE_5_length_120262_cov_20.250687 70000 72000 61.81
NODE_5_length_120262_cov_20.250687 72000 74000 61.11
NODE_5_length_120262_cov_20.250687 74000 76000 56.91
NODE_5_length_120262_cov_20.250687 76000 78000 62.09
NODE_5_length_120262_cov_20.250687 78000 80000 70.77
NODE_5_length_120262_cov_20.250687 8000 10000 69.23
NODE_5_length_120262_cov_20.250687 80000 82000 60.27
NODE_5_length_120262_cov_20.250687 82000 84000 55.44
NODE_5_length_120262_cov_20.250687 84000 86000 54.6
NODE_5_length_120262_cov_20.250687 86000 88000 64.61
NODE_5_length_120262_cov_20.250687 88000 90000 64.89
NODE_5_length_120262_cov_20.250687 90000 92000 69.72
NODE_5_length_120262_cov_20.250687 92000 94000 77.07
NODE_5_length_120262_cov_20.250687 94000 96000 68.04
NODE_5_length_120262_cov_20.250687 96000 98000 65.94
NODE_5_length_120262_cov_20.250687 98000 100000 69.72
NODE_5_length_120262_cov_20.250687 10000 12000 63.63
NODE_5_length_120262_cov_20.250687 100000 102000 73.92
NODE_5_length_120262_cov_20.250687 102000 104000 69.09
NODE_5_length_120262_cov_20.250687 104000 106000 73.92
NODE_5_length_120262_cov_20.250687 106000 108000 72.73
NODE_5_length_120262_cov_20.250687 108000 110000 72.31
NODE_5_length_120262_cov_20.250687 110000 112000 62.16
NODE_5_length_120262_cov_20.250687 112000 114000 68.74
NODE_5_length_120262_cov_20.250687 114000 116000 78.96
NODE_5_length_120262_cov_20.250687 116000 118000 68.18
NODE_5_length_120262_cov_20.250687 118000 120000 57.33
NODE_5_length_120262_cov_20.250687 12000 14000 57.19
NODE_5_length_120262_cov_20.250687 120000 120360 42.7777777777778
NODE_5_length_120262_cov_20.250687 14000 16000 66.36
NODE_5_length_120262_cov_20.250687 16000 18000 71.26
NODE_5_length_120262_cov_20.250687 18000 20000 67.48
NODE_6_length_123590_cov_19.847990 0 2000 56.49
NODE_6_length_123590_cov_19.847990 2000 4000 70.91
NODE_6_length_123590_cov_19.847990 20000 22000 57.82
NODE_6_length_123590_cov_19.847990 22000 24000 62.93
NODE_6_length_123590_cov_19.847990 24000 26000 68.32
NODE_6_length_123590_cov_19.847990 26000 28000 64.4
NODE_6_length_123590_cov_19.847990 28000 30000 68.18
NODE_6_length_123590_cov_19.847990 30000 32000 71.33
NODE_6_length_123590_cov_19.847990 32000 34000 78.68
NODE_6_length_123590_cov_19.847990 34000 36000 61.25
NODE_6_length_123590_cov_19.847990 36000 38000 70
NODE_6_length_123590_cov_19.847990 38000 40000 65.73
NODE_6_length_123590_cov_19.847990 4000 6000 61.46
NODE_6_length_123590_cov_19.847990 40000 42000 65.52
NODE_6_length_123590_cov_19.847990 42000 44000 65.03
NODE_6_length_123590_cov_19.847990 44000 46000 72.94
NODE_6_length_123590_cov_19.847990 46000 48000 60.41
NODE_6_length_123590_cov_19.847990 48000 50000 57.54
NODE_6_length_123590_cov_19.847990 50000 52000 61.95
NODE_6_length_123590_cov_19.847990 52000 54000 71.26
NODE_6_length_123590_cov_19.847990 54000 56000 64.19
NODE_6_length_123590_cov_19.847990 56000 58000 59.78
NODE_6_length_123590_cov_19.847990 58000 60000 58.31
NODE_6_length_123590_cov_19.847990 6000 8000 65.45
NODE_6_length_123590_cov_19.847990 60000 62000 63.35
NODE_6_length_123590_cov_19.847990 62000 64000 61.32
NODE_6_length_123590_cov_19.847990 64000 66000 62.37
NODE_6_length_123590_cov_19.847990 66000 68000 58.87
NODE_6_length_123590_cov_19.847990 68000 70000 55.23
NODE_6_length_123590_cov_19.847990 70000 72000 63.35
NODE_6_length_123590_cov_19.847990 72000 74000 63.28
NODE_6_length_123590_cov_19.847990 74000 76000 59.15
NODE_6_length_123590_cov_19.847990 76000 78000 63.49
NODE_6_length_123590_cov_19.847990 78000 80000 58.59
NODE_6_length_123590_cov_19.847990 8000 10000 59.22
NODE_6_length_123590_cov_19.847990 80000 82000 64.89
NODE_6_length_123590_cov_19.847990 82000 84000 60.83
NODE_6_length_123590_cov_19.847990 84000 86000 63.77
NODE_6_length_123590_cov_19.847990 86000 88000 63.7
NODE_6_length_123590_cov_19.847990 88000 90000 67.62
NODE_6_length_123590_cov_19.847990 90000 92000 69.02
NODE_6_length_123590_cov_19.847990 92000 94000 73.22
NODE_6_length_123590_cov_19.847990 94000 96000 56.07
NODE_6_length_123590_cov_19.847990 96000 98000 63.14
NODE_6_length_123590_cov_19.847990 98000 100000 73.71
NODE_6_length_123590_cov_19.847990 10000 12000 58.94
NODE_6_length_123590_cov_19.847990 100000 102000 68.32
NODE_6_length_123590_cov_19.847990 102000 104000 77.56
NODE_6_length_123590_cov_19.847990 104000 106000 74.69
NODE_6_length_123590_cov_19.847990 106000 108000 58.1
NODE_6_length_123590_cov_19.847990 108000 110000 66.08
NODE_6_length_123590_cov_19.847990 110000 112000 66.01
NODE_6_length_123590_cov_19.847990 112000 114000 59.15
NODE_6_length_123590_cov_19.847990 114000 116000 59.57
NODE_6_length_123590_cov_19.847990 116000 118000 57.61
NODE_6_length_123590_cov_19.847990 118000 120000 67.13
NODE_6_length_123590_cov_19.847990 12000 14000 70.98
NODE_6_length_123590_cov_19.847990 120000 122000 68.18
NODE_6_length_123590_cov_19.847990 122000 123688 47.7725118483412
NODE_6_length_123590_cov_19.847990 14000 16000 63.14
NODE_6_length_123590_cov_19.847990 16000 18000 65.24
NODE_6_length_123590_cov_19.847990 18000 20000 62.16
NODE_7_length_45975_cov_18.186646 0 2000 52.99
NODE_7_length_45975_cov_18.186646 2000 4000 41.16
NODE_7_length_45975_cov_18.186646 20000 22000 70.56
NODE_7_length_45975_cov_18.186646 22000 24000 76.16
NODE_7_length_45975_cov_18.186646 24000 26000 59.64
NODE_7_length_45975_cov_18.186646 26000 28000 62.37
NODE_7_length_45975_cov_18.186646 28000 30000 69.44
NODE_7_length_45975_cov_18.186646 30000 32000 58.38
NODE_7_length_45975_cov_18.186646 32000 34000 56.35
NODE_7_length_45975_cov_18.186646 34000 36000 61.04
NODE_7_length_45975_cov_18.186646 36000 38000 59.01
NODE_7_length_45975_cov_18.186646 38000 40000 67.76
NODE_7_length_45975_cov_18.186646 4000 6000 41.23
NODE_7_length_45975_cov_18.186646 40000 42000 73.08
NODE_7_length_45975_cov_18.186646 42000 44000 60.97
NODE_7_length_45975_cov_18.186646 44000 46000 56.56
NODE_7_length_45975_cov_18.186646 6000 8000 33.18
NODE_7_length_45975_cov_18.186646 8000 10000 38.64
NODE_7_length_45975_cov_18.186646 10000 12000 46.69
NODE_7_length_45975_cov_18.186646 12000 14000 69.65
NODE_7_length_45975_cov_18.186646 14000 16000 63.84
NODE_7_length_45975_cov_18.186646 16000 18000 52.71
NODE_7_length_45975_cov_18.186646 18000 20000 58.38
NODE_8_length_76118_cov_21.265181 0 2000 56.77
NODE_8_length_76118_cov_21.265181 2000 4000 57.26
NODE_8_length_76118_cov_21.265181 20000 22000 68.25
NODE_8_length_76118_cov_21.265181 22000 24000 67.62
NODE_8_length_76118_cov_21.265181 24000 26000 62.44
NODE_8_length_76118_cov_21.265181 26000 28000 73.99
NODE_8_length_76118_cov_21.265181 28000 30000 69.23
NODE_8_length_76118_cov_21.265181 30000 32000 70.56
NODE_8_length_76118_cov_21.265181 32000 34000 63.77
NODE_8_length_76118_cov_21.265181 34000 36000 72.31
NODE_8_length_76118_cov_21.265181 36000 38000 71.96
NODE_8_length_76118_cov_21.265181 38000 40000 70.77
NODE_8_length_76118_cov_21.265181 4000 6000 53.55
NODE_8_length_76118_cov_21.265181 40000 42000 67.34
NODE_8_length_76118_cov_21.265181 42000 44000 78.68
NODE_8_length_76118_cov_21.265181 44000 46000 65.59
NODE_8_length_76118_cov_21.265181 46000 48000 79.73
NODE_8_length_76118_cov_21.265181 48000 50000 70.14
NODE_8_length_76118_cov_21.265181 50000 52000 72.45
NODE_8_length_76118_cov_21.265181 52000 54000 67.55
NODE_8_length_76118_cov_21.265181 54000 56000 67.13
NODE_8_length_76118_cov_21.265181 56000 58000 74.34
NODE_8_length_76118_cov_21.265181 58000 60000 60.06
NODE_8_length_76118_cov_21.265181 6000 8000 52.78
NODE_8_length_76118_cov_21.265181 60000 62000 61.6
NODE_8_length_76118_cov_21.265181 62000 64000 70
NODE_8_length_76118_cov_21.265181 64000 66000 70.42
NODE_8_length_76118_cov_21.265181 66000 68000 66.5
NODE_8_length_76118_cov_21.265181 68000 70000 73.29
NODE_8_length_76118_cov_21.265181 70000 72000 74.34
NODE_8_length_76118_cov_21.265181 72000 74000 74.2
NODE_8_length_76118_cov_21.265181 74000 76000 66.29
NODE_8_length_76118_cov_21.265181 76000 76216 18.7962962962963
NODE_8_length_76118_cov_21.265181 8000 10000 65.66
NODE_8_length_76118_cov_21.265181 10000 12000 64.61
NODE_8_length_76118_cov_21.265181 12000 14000 71.05
NODE_8_length_76118_cov_21.265181 14000 16000 66.08
NODE_8_length_76118_cov_21.265181 16000 18000 75.46
NODE_8_length_76118_cov_21.265181 18000 20000 69.09
NODE_9_length_33879_cov_19.380974 0 2000 67.76
NODE_9_length_33879_cov_19.380974 2000 4000 56
NODE_9_length_33879_cov_19.380974 20000 22000 53.55
NODE_9_length_33879_cov_19.380974 22000 24000 58.03
NODE_9_length_33879_cov_19.380974 24000 26000 62.79
NODE_9_length_33879_cov_19.380974 26000 28000 54.04
NODE_9_length_33879_cov_19.380974 28000 30000 64.19
NODE_9_length_33879_cov_19.380974 30000 32000 60.76
NODE_9_length_33879_cov_19.380974 32000 33977 56.9347496206373
NODE_9_length_33879_cov_19.380974 4000 6000 72.66
NODE_9_length_33879_cov_19.380974 6000 8000 70.77
NODE_9_length_33879_cov_19.380974 8000 10000 54.88
NODE_9_length_33879_cov_19.380974 10000 12000 58.8
NODE_9_length_33879_cov_19.380974 12000 14000 62.16
NODE_9_length_33879_cov_19.380974 14000 16000 66.57
NODE_9_length_33879_cov_19.380974 16000 18000 70.7
NODE_9_length_33879_cov_19.380974 18000 20000 70.77
