2.TM7.10 0 500 173
2.TM7.10 33501 34001 3
2.TM7.11 0 500 110
2.TM7.11 51040 51540 49
2.TM7.12 0 500 988
2.TM7.13 0 500 278
2.TM7.13 693 1193 47
2.TM7.14 0 500 56
2.TM7.14 1567 2067 53
2.TM7.15 0 500 64
2.TM7.15 1875 2375 67
2.TM7.1 0 500 4
2.TM7.1 4846 5346 2
2.TM7.2 0 500 180
2.TM7.2 206339 206839 50
2.TM7.3 0 500 355
2.TM7.4 0 500 111
2.TM7.4 125886 126386 147
2.TM7.5 0 500 4
2.TM7.5 138794 139294 176
2.TM7.6 0 500 140
2.TM7.6 189356 189856 203
2.TM7.7 0 500 3
2.TM7.7 81090 81590 172
2.TM7.8 0 500 120
2.TM7.8 55154 55654 132
2.TM7.9 0 500 41
2.TM7.9 76336 76836 122
