NODE_1_length_39106_cov_19.675804 0 2000 50.3
NODE_1_length_39106_cov_19.675804 2000 4000 46.55
NODE_1_length_39106_cov_19.675804 4000 6000 42.15
NODE_1_length_39106_cov_19.675804 6000 8000 44.15
NODE_1_length_39106_cov_19.675804 8000 10000 54.9
NODE_1_length_39106_cov_19.675804 10000 12000 57.35
NODE_1_length_39106_cov_19.675804 12000 14000 55.65
NODE_1_length_39106_cov_19.675804 14000 16000 53.15
NODE_1_length_39106_cov_19.675804 16000 18000 57.2
NODE_1_length_39106_cov_19.675804 18000 20000 56.05
NODE_1_length_39106_cov_19.675804 20000 22000 54.7
NODE_1_length_39106_cov_19.675804 22000 24000 53.75
NODE_1_length_39106_cov_19.675804 24000 26000 57.25
NODE_1_length_39106_cov_19.675804 26000 28000 53.85
NODE_1_length_39106_cov_19.675804 28000 30000 50.45
NODE_1_length_39106_cov_19.675804 30000 32000 52.55
NODE_1_length_39106_cov_19.675804 32000 34000 59.9
NODE_1_length_39106_cov_19.675804 34000 36000 51.35
NODE_1_length_39106_cov_19.675804 36000 38000 49.8
NODE_1_length_39106_cov_19.675804 38000 39204 45.265780730897
NODE_2_length_23013_cov_23.495808 0 2000 52.1
NODE_2_length_23013_cov_23.495808 2000 4000 50
NODE_2_length_23013_cov_23.495808 4000 6000 51.3
NODE_2_length_23013_cov_23.495808 6000 8000 54.4
NODE_2_length_23013_cov_23.495808 8000 10000 52.5
NODE_2_length_23013_cov_23.495808 10000 12000 51.55
NODE_2_length_23013_cov_23.495808 12000 14000 52.25
NODE_2_length_23013_cov_23.495808 14000 16000 51.1
NODE_2_length_23013_cov_23.495808 16000 18000 51.8
NODE_2_length_23013_cov_23.495808 18000 20000 51.45
NODE_2_length_23013_cov_23.495808 20000 22000 48.6
NODE_2_length_23013_cov_23.495808 22000 23111 47.6147614761476
NODE_3_length_58172_cov_22.135443 0 2000 60.55
NODE_3_length_58172_cov_22.135443 2000 4000 59.15
NODE_3_length_58172_cov_22.135443 4000 6000 52.8
NODE_3_length_58172_cov_22.135443 6000 8000 52
NODE_3_length_58172_cov_22.135443 8000 10000 54.45
NODE_3_length_58172_cov_22.135443 10000 12000 51.45
NODE_3_length_58172_cov_22.135443 12000 14000 54.2
NODE_3_length_58172_cov_22.135443 14000 16000 52.95
NODE_3_length_58172_cov_22.135443 16000 18000 51.25
NODE_3_length_58172_cov_22.135443 18000 20000 50.0520833333333
NODE_3_length_58172_cov_22.135443 20000 22000 43.9
NODE_3_length_58172_cov_22.135443 22000 24000 46.1
NODE_3_length_58172_cov_22.135443 24000 26000 49
NODE_3_length_58172_cov_22.135443 26000 28000 50.25
NODE_3_length_58172_cov_22.135443 28000 30000 49.75
NODE_3_length_58172_cov_22.135443 30000 32000 50.2
NODE_3_length_58172_cov_22.135443 32000 34000 45.5
NODE_3_length_58172_cov_22.135443 34000 36000 46.85
NODE_3_length_58172_cov_22.135443 36000 38000 47.9
NODE_3_length_58172_cov_22.135443 38000 40000 45.9
NODE_3_length_58172_cov_22.135443 40000 42000 48.95
NODE_3_length_58172_cov_22.135443 42000 44000 48.25
NODE_3_length_58172_cov_22.135443 44000 46000 51.1
NODE_3_length_58172_cov_22.135443 46000 48000 50.45
NODE_3_length_58172_cov_22.135443 48000 50000 50.2
NODE_3_length_58172_cov_22.135443 50000 52000 49.95
NODE_3_length_58172_cov_22.135443 52000 54000 48.15
NODE_3_length_58172_cov_22.135443 54000 56000 47.25
NODE_3_length_58172_cov_22.135443 56000 58000 47.2
NODE_3_length_58172_cov_22.135443 58000 58270 51.4814814814815
NODE_4_length_27331_cov_18.265047 0 2000 57.25
NODE_4_length_27331_cov_18.265047 2000 4000 52.2
NODE_4_length_27331_cov_18.265047 4000 6000 59.55
NODE_4_length_27331_cov_18.265047 6000 8000 59.3
NODE_4_length_27331_cov_18.265047 8000 10000 56.8
NODE_4_length_27331_cov_18.265047 10000 12000 53.4
NODE_4_length_27331_cov_18.265047 12000 14000 55.15
NODE_4_length_27331_cov_18.265047 14000 16000 55.85
NODE_4_length_27331_cov_18.265047 16000 18000 55.7
NODE_4_length_27331_cov_18.265047 18000 20000 58.8
NODE_4_length_27331_cov_18.265047 20000 22000 50.45
NODE_4_length_27331_cov_18.265047 22000 24000 54.2
NODE_4_length_27331_cov_18.265047 24000 26000 50.9
NODE_4_length_27331_cov_18.265047 26000 27429 51.8544436668999
NODE_5_length_120262_cov_20.250687 0 2000 53
NODE_5_length_120262_cov_20.250687 2000 4000 51
NODE_5_length_120262_cov_20.250687 4000 6000 51.8
NODE_5_length_120262_cov_20.250687 6000 8000 52.55
NODE_5_length_120262_cov_20.250687 8000 10000 54.35
NODE_5_length_120262_cov_20.250687 10000 12000 53.6
NODE_5_length_120262_cov_20.250687 12000 14000 50.25
NODE_5_length_120262_cov_20.250687 14000 16000 55
NODE_5_length_120262_cov_20.250687 16000 18000 55.5
NODE_5_length_120262_cov_20.250687 18000 20000 53.05
NODE_5_length_120262_cov_20.250687 20000 22000 55.4
NODE_5_length_120262_cov_20.250687 22000 24000 54.5
NODE_5_length_120262_cov_20.250687 24000 26000 54.75
NODE_5_length_120262_cov_20.250687 26000 28000 56.8
NODE_5_length_120262_cov_20.250687 28000 30000 54.5
NODE_5_length_120262_cov_20.250687 30000 32000 57.45
NODE_5_length_120262_cov_20.250687 32000 34000 54.15
NODE_5_length_120262_cov_20.250687 34000 36000 56.7
NODE_5_length_120262_cov_20.250687 36000 38000 49.3
NODE_5_length_120262_cov_20.250687 38000 40000 47.1
NODE_5_length_120262_cov_20.250687 40000 42000 58.9
NODE_5_length_120262_cov_20.250687 42000 44000 53.95
NODE_5_length_120262_cov_20.250687 44000 46000 47.55
NODE_5_length_120262_cov_20.250687 46000 48000 42.65
NODE_5_length_120262_cov_20.250687 48000 50000 52.4
NODE_5_length_120262_cov_20.250687 50000 52000 55.2
NODE_5_length_120262_cov_20.250687 52000 54000 56.45
NODE_5_length_120262_cov_20.250687 54000 56000 51.15
NODE_5_length_120262_cov_20.250687 56000 58000 56.95
NODE_5_length_120262_cov_20.250687 58000 60000 57.7
NODE_5_length_120262_cov_20.250687 60000 62000 56.6
NODE_5_length_120262_cov_20.250687 62000 64000 59.35
NODE_5_length_120262_cov_20.250687 64000 66000 57.65
NODE_5_length_120262_cov_20.250687 66000 68000 57.15
NODE_5_length_120262_cov_20.250687 68000 70000 57.2
NODE_5_length_120262_cov_20.250687 70000 72000 53.2
NODE_5_length_120262_cov_20.250687 72000 74000 57.3
NODE_5_length_120262_cov_20.250687 74000 76000 55.5
NODE_5_length_120262_cov_20.250687 76000 78000 56.5
NODE_5_length_120262_cov_20.250687 78000 80000 52.7
NODE_5_length_120262_cov_20.250687 80000 82000 51.9
NODE_5_length_120262_cov_20.250687 82000 84000 59.55
NODE_5_length_120262_cov_20.250687 84000 86000 54.6
NODE_5_length_120262_cov_20.250687 86000 88000 47.8
NODE_5_length_120262_cov_20.250687 88000 90000 44.7
NODE_5_length_120262_cov_20.250687 90000 92000 55.65
NODE_5_length_120262_cov_20.250687 92000 94000 46.15
NODE_5_length_120262_cov_20.250687 94000 96000 46.15
NODE_5_length_120262_cov_20.250687 96000 98000 46.3
NODE_5_length_120262_cov_20.250687 98000 100000 44.55
NODE_5_length_120262_cov_20.250687 100000 102000 43.9
NODE_5_length_120262_cov_20.250687 102000 104000 45.45
NODE_5_length_120262_cov_20.250687 104000 106000 47.85
NODE_5_length_120262_cov_20.250687 106000 108000 49.1
NODE_5_length_120262_cov_20.250687 108000 110000 46.95
NODE_5_length_120262_cov_20.250687 110000 112000 44.95
NODE_5_length_120262_cov_20.250687 112000 114000 52.9
NODE_5_length_120262_cov_20.250687 114000 116000 51.75
NODE_5_length_120262_cov_20.250687 116000 118000 52.65
NODE_5_length_120262_cov_20.250687 118000 120000 57.2
NODE_5_length_120262_cov_20.250687 120000 120360 54.1666666666667
NODE_6_length_123590_cov_19.847990 0 2000 56.05
NODE_6_length_123590_cov_19.847990 2000 4000 54.45
NODE_6_length_123590_cov_19.847990 4000 6000 59.05
NODE_6_length_123590_cov_19.847990 6000 8000 55.15
NODE_6_length_123590_cov_19.847990 8000 10000 56.35
NODE_6_length_123590_cov_19.847990 10000 12000 58.35
NODE_6_length_123590_cov_19.847990 12000 14000 56.75
NODE_6_length_123590_cov_19.847990 14000 16000 53.05
NODE_6_length_123590_cov_19.847990 16000 18000 55.7
NODE_6_length_123590_cov_19.847990 18000 20000 53.35
NODE_6_length_123590_cov_19.847990 20000 22000 57.95
NODE_6_length_123590_cov_19.847990 22000 24000 52.45
NODE_6_length_123590_cov_19.847990 24000 26000 52.65
NODE_6_length_123590_cov_19.847990 26000 28000 46.55
NODE_6_length_123590_cov_19.847990 28000 30000 48.5
NODE_6_length_123590_cov_19.847990 30000 32000 51.7
NODE_6_length_123590_cov_19.847990 32000 34000 48.4
NODE_6_length_123590_cov_19.847990 34000 36000 47.6
NODE_6_length_123590_cov_19.847990 36000 38000 55.1
NODE_6_length_123590_cov_19.847990 38000 40000 55.65
NODE_6_length_123590_cov_19.847990 40000 42000 56.7
NODE_6_length_123590_cov_19.847990 42000 44000 50.9
NODE_6_length_123590_cov_19.847990 44000 46000 50.85
NODE_6_length_123590_cov_19.847990 46000 48000 53.9
NODE_6_length_123590_cov_19.847990 48000 50000 56.65
NODE_6_length_123590_cov_19.847990 50000 52000 56.75
NODE_6_length_123590_cov_19.847990 52000 54000 52.45
NODE_6_length_123590_cov_19.847990 54000 56000 57.05
NODE_6_length_123590_cov_19.847990 56000 58000 56.95
NODE_6_length_123590_cov_19.847990 58000 60000 56.25
NODE_6_length_123590_cov_19.847990 60000 62000 56.65
NODE_6_length_123590_cov_19.847990 62000 64000 53.4
NODE_6_length_123590_cov_19.847990 64000 66000 53.6
NODE_6_length_123590_cov_19.847990 66000 68000 56.2
NODE_6_length_123590_cov_19.847990 68000 70000 54.8
NODE_6_length_123590_cov_19.847990 70000 72000 54.65
NODE_6_length_123590_cov_19.847990 72000 74000 55.95
NODE_6_length_123590_cov_19.847990 74000 76000 56
NODE_6_length_123590_cov_19.847990 76000 78000 56.35
NODE_6_length_123590_cov_19.847990 78000 80000 58.2
NODE_6_length_123590_cov_19.847990 80000 82000 55.3
NODE_6_length_123590_cov_19.847990 82000 84000 59.15
NODE_6_length_123590_cov_19.847990 84000 86000 52.1
NODE_6_length_123590_cov_19.847990 86000 88000 45.6
NODE_6_length_123590_cov_19.847990 88000 90000 52.15
NODE_6_length_123590_cov_19.847990 90000 92000 56.65
NODE_6_length_123590_cov_19.847990 92000 94000 52.5
NODE_6_length_123590_cov_19.847990 94000 96000 54.7
NODE_6_length_123590_cov_19.847990 96000 98000 54
NODE_6_length_123590_cov_19.847990 98000 100000 52.4
NODE_6_length_123590_cov_19.847990 100000 102000 53.05
NODE_6_length_123590_cov_19.847990 102000 104000 52.3
NODE_6_length_123590_cov_19.847990 104000 106000 50.65
NODE_6_length_123590_cov_19.847990 106000 108000 53.25
NODE_6_length_123590_cov_19.847990 108000 110000 57.5
NODE_6_length_123590_cov_19.847990 110000 112000 58.4
NODE_6_length_123590_cov_19.847990 112000 114000 57.8
NODE_6_length_123590_cov_19.847990 114000 116000 57.35
NODE_6_length_123590_cov_19.847990 116000 118000 53.9
NODE_6_length_123590_cov_19.847990 118000 120000 53.55
NODE_6_length_123590_cov_19.847990 120000 122000 53.35
NODE_6_length_123590_cov_19.847990 122000 123688 53.436018957346
NODE_7_length_45975_cov_18.186646 0 2000 51.7
NODE_7_length_45975_cov_18.186646 2000 4000 39.95
NODE_7_length_45975_cov_18.186646 4000 6000 39.15
NODE_7_length_45975_cov_18.186646 6000 8000 36.4
NODE_7_length_45975_cov_18.186646 8000 10000 37.8
NODE_7_length_45975_cov_18.186646 10000 12000 42.45
NODE_7_length_45975_cov_18.186646 12000 14000 49.7
NODE_7_length_45975_cov_18.186646 14000 16000 46.1
NODE_7_length_45975_cov_18.186646 16000 18000 57.55
NODE_7_length_45975_cov_18.186646 18000 20000 56.1
NODE_7_length_45975_cov_18.186646 20000 22000 53.65
NODE_7_length_45975_cov_18.186646 22000 24000 55.7
NODE_7_length_45975_cov_18.186646 24000 26000 57.9
NODE_7_length_45975_cov_18.186646 26000 28000 54.1
NODE_7_length_45975_cov_18.186646 28000 30000 56
NODE_7_length_45975_cov_18.186646 30000 32000 57.95
NODE_7_length_45975_cov_18.186646 32000 34000 56.85
NODE_7_length_45975_cov_18.186646 34000 36000 57.1
NODE_7_length_45975_cov_18.186646 36000 38000 57.25
NODE_7_length_45975_cov_18.186646 38000 40000 53.35
NODE_7_length_45975_cov_18.186646 40000 42000 43.5
NODE_7_length_45975_cov_18.186646 42000 44000 42.95
NODE_7_length_45975_cov_18.186646 44000 46000 39.45
NODE_7_length_45975_cov_18.186646 46000 46073 39.7260273972603
NODE_8_length_76118_cov_21.265181 0 2000 53.1
NODE_8_length_76118_cov_21.265181 2000 4000 55.75
NODE_8_length_76118_cov_21.265181 4000 6000 56.1
NODE_8_length_76118_cov_21.265181 6000 8000 55.85
NODE_8_length_76118_cov_21.265181 8000 10000 54
NODE_8_length_76118_cov_21.265181 10000 12000 53.7
NODE_8_length_76118_cov_21.265181 12000 14000 56.4
NODE_8_length_76118_cov_21.265181 14000 16000 53.6
NODE_8_length_76118_cov_21.265181 16000 18000 51.35
NODE_8_length_76118_cov_21.265181 18000 20000 52.3
NODE_8_length_76118_cov_21.265181 20000 22000 52.5
NODE_8_length_76118_cov_21.265181 22000 24000 52.5
NODE_8_length_76118_cov_21.265181 24000 26000 55.6
NODE_8_length_76118_cov_21.265181 26000 28000 54.7
NODE_8_length_76118_cov_21.265181 28000 30000 54.1
NODE_8_length_76118_cov_21.265181 30000 32000 54.9
NODE_8_length_76118_cov_21.265181 32000 34000 55.2
NODE_8_length_76118_cov_21.265181 34000 36000 54.9
NODE_8_length_76118_cov_21.265181 36000 38000 52.3
NODE_8_length_76118_cov_21.265181 38000 40000 51.35
NODE_8_length_76118_cov_21.265181 40000 42000 53.7
NODE_8_length_76118_cov_21.265181 42000 44000 52.95
NODE_8_length_76118_cov_21.265181 44000 46000 53
NODE_8_length_76118_cov_21.265181 46000 48000 51.05
NODE_8_length_76118_cov_21.265181 48000 50000 51.85
NODE_8_length_76118_cov_21.265181 50000 52000 50.35
NODE_8_length_76118_cov_21.265181 52000 54000 53.05
NODE_8_length_76118_cov_21.265181 54000 56000 52.4
NODE_8_length_76118_cov_21.265181 56000 58000 47.5
NODE_8_length_76118_cov_21.265181 58000 60000 49.9
NODE_8_length_76118_cov_21.265181 60000 62000 55.25
NODE_8_length_76118_cov_21.265181 62000 64000 50.9
NODE_8_length_76118_cov_21.265181 64000 66000 51.4
NODE_8_length_76118_cov_21.265181 66000 68000 48.65
NODE_8_length_76118_cov_21.265181 68000 70000 55.6
NODE_8_length_76118_cov_21.265181 70000 72000 49.55
NODE_8_length_76118_cov_21.265181 72000 74000 50.35
NODE_8_length_76118_cov_21.265181 74000 76000 49.6
NODE_8_length_76118_cov_21.265181 76000 76216 39.3518518518519
NODE_9_length_33879_cov_19.380974 0 2000 43.15
NODE_9_length_33879_cov_19.380974 2000 4000 40.4
NODE_9_length_33879_cov_19.380974 4000 6000 48.85
NODE_9_length_33879_cov_19.380974 6000 8000 53.95
NODE_9_length_33879_cov_19.380974 8000 10000 60.75
NODE_9_length_33879_cov_19.380974 10000 12000 55.45
NODE_9_length_33879_cov_19.380974 12000 14000 55.55
NODE_9_length_33879_cov_19.380974 14000 16000 54.95
NODE_9_length_33879_cov_19.380974 16000 18000 53.7
NODE_9_length_33879_cov_19.380974 18000 20000 55.3
NODE_9_length_33879_cov_19.380974 20000 22000 55.45
NODE_9_length_33879_cov_19.380974 22000 24000 55
NODE_9_length_33879_cov_19.380974 24000 26000 55.85
NODE_9_length_33879_cov_19.380974 26000 28000 55.532891381948
NODE_9_length_33879_cov_19.380974 28000 30000 55.5
NODE_9_length_33879_cov_19.380974 30000 32000 56.7
NODE_9_length_33879_cov_19.380974 32000 33977 55.2857865452706
NODE_10_length_1095_cov_41.674885 0 1193 53.2271584241408
NODE_11_length_207389_cov_20.800173 0 2000 53.1
NODE_11_length_207389_cov_20.800173 2000 4000 51.6
NODE_11_length_207389_cov_20.800173 4000 6000 46.15
NODE_11_length_207389_cov_20.800173 6000 8000 54.1
NODE_11_length_207389_cov_20.800173 8000 10000 53.95
NODE_11_length_207389_cov_20.800173 10000 12000 54.65
NODE_11_length_207389_cov_20.800173 12000 14000 57.5
NODE_11_length_207389_cov_20.800173 14000 16000 55.15
NODE_11_length_207389_cov_20.800173 16000 18000 51.3
NODE_11_length_207389_cov_20.800173 18000 20000 56.05
NODE_11_length_207389_cov_20.800173 20000 22000 57.2
NODE_11_length_207389_cov_20.800173 22000 24000 50.25
NODE_11_length_207389_cov_20.800173 24000 26000 55
NODE_11_length_207389_cov_20.800173 26000 28000 53.35
NODE_11_length_207389_cov_20.800173 28000 30000 53.4
NODE_11_length_207389_cov_20.800173 30000 32000 54.55
NODE_11_length_207389_cov_20.800173 32000 34000 50.75
NODE_11_length_207389_cov_20.800173 34000 36000 55.4
NODE_11_length_207389_cov_20.800173 36000 38000 56.75
NODE_11_length_207389_cov_20.800173 38000 40000 51.9
NODE_11_length_207389_cov_20.800173 40000 42000 53.5
NODE_11_length_207389_cov_20.800173 42000 44000 48.85
NODE_11_length_207389_cov_20.800173 44000 46000 53.75
NODE_11_length_207389_cov_20.800173 46000 48000 53.75
NODE_11_length_207389_cov_20.800173 48000 50000 57.3
NODE_11_length_207389_cov_20.800173 50000 52000 55.25
NODE_11_length_207389_cov_20.800173 52000 54000 53.85
NODE_11_length_207389_cov_20.800173 54000 56000 56.1
NODE_11_length_207389_cov_20.800173 56000 58000 56.25
NODE_11_length_207389_cov_20.800173 58000 60000 53.25
NODE_11_length_207389_cov_20.800173 60000 62000 55.2
NODE_11_length_207389_cov_20.800173 62000 64000 52.9
NODE_11_length_207389_cov_20.800173 64000 66000 54.65
NODE_11_length_207389_cov_20.800173 66000 68000 51.35
NODE_11_length_207389_cov_20.800173 68000 70000 53.4
NODE_11_length_207389_cov_20.800173 70000 72000 54.35
NODE_11_length_207389_cov_20.800173 72000 74000 50.8
NODE_11_length_207389_cov_20.800173 74000 76000 50.95
NODE_11_length_207389_cov_20.800173 76000 78000 54.35
NODE_11_length_207389_cov_20.800173 78000 80000 52.6
NODE_11_length_207389_cov_20.800173 80000 82000 52.85
NODE_11_length_207389_cov_20.800173 82000 84000 48.8
NODE_11_length_207389_cov_20.800173 84000 86000 49.9
NODE_11_length_207389_cov_20.800173 86000 88000 50.95
NODE_11_length_207389_cov_20.800173 88000 90000 50.15
NODE_11_length_207389_cov_20.800173 90000 92000 51.75
NODE_11_length_207389_cov_20.800173 92000 94000 51.75
NODE_11_length_207389_cov_20.800173 94000 96000 54.8
NODE_11_length_207389_cov_20.800173 96000 98000 42.1
NODE_11_length_207389_cov_20.800173 98000 100000 39.2
NODE_11_length_207389_cov_20.800173 100000 102000 43.75
NODE_11_length_207389_cov_20.800173 102000 104000 38.45
NODE_11_length_207389_cov_20.800173 104000 106000 40.6
NODE_11_length_207389_cov_20.800173 106000 108000 41.45
NODE_11_length_207389_cov_20.800173 108000 110000 48.05
NODE_11_length_207389_cov_20.800173 110000 112000 48.75
NODE_11_length_207389_cov_20.800173 112000 114000 52.5
NODE_11_length_207389_cov_20.800173 114000 116000 52.95
NODE_11_length_207389_cov_20.800173 116000 118000 50.05
NODE_11_length_207389_cov_20.800173 118000 120000 54.5454545454545
NODE_11_length_207389_cov_20.800173 120000 122000 47
NODE_11_length_207389_cov_20.800173 122000 124000 49.75
NODE_11_length_207389_cov_20.800173 124000 126000 47.8894472361809
NODE_11_length_207389_cov_20.800173 126000 128000 50.15
NODE_11_length_207389_cov_20.800173 128000 130000 54.7
NODE_11_length_207389_cov_20.800173 130000 132000 54.2
NODE_11_length_207389_cov_20.800173 132000 134000 56.5
NODE_11_length_207389_cov_20.800173 134000 136000 54.45
NODE_11_length_207389_cov_20.800173 136000 138000 55.25
NODE_11_length_207389_cov_20.800173 138000 140000 54.05
NODE_11_length_207389_cov_20.800173 140000 142000 54.6
NODE_11_length_207389_cov_20.800173 142000 144000 53.45
NODE_11_length_207389_cov_20.800173 144000 146000 52.65
NODE_11_length_207389_cov_20.800173 146000 148000 49.85
NODE_11_length_207389_cov_20.800173 148000 150000 50.05
NODE_11_length_207389_cov_20.800173 150000 152000 46.75
NODE_11_length_207389_cov_20.800173 152000 154000 55.1
NODE_11_length_207389_cov_20.800173 154000 156000 51.9
NODE_11_length_207389_cov_20.800173 156000 158000 43.6
NODE_11_length_207389_cov_20.800173 158000 160000 52.7
NODE_11_length_207389_cov_20.800173 160000 162000 51.3
NODE_11_length_207389_cov_20.800173 162000 164000 53
NODE_11_length_207389_cov_20.800173 164000 166000 53.8
NODE_11_length_207389_cov_20.800173 166000 168000 57.2
NODE_11_length_207389_cov_20.800173 168000 170000 58.25
NODE_11_length_207389_cov_20.800173 170000 172000 45.55
NODE_11_length_207389_cov_20.800173 172000 174000 49.45
NODE_11_length_207389_cov_20.800173 174000 176000 55.45
NODE_11_length_207389_cov_20.800173 176000 178000 54.15
NODE_11_length_207389_cov_20.800173 178000 180000 57.95
NODE_11_length_207389_cov_20.800173 180000 182000 55.35
NODE_11_length_207389_cov_20.800173 182000 184000 54.95
NODE_11_length_207389_cov_20.800173 184000 186000 51.35
NODE_11_length_207389_cov_20.800173 186000 188000 55.9
NODE_11_length_207389_cov_20.800173 188000 190000 55.5
NODE_11_length_207389_cov_20.800173 190000 192000 54.5
NODE_11_length_207389_cov_20.800173 192000 194000 52.4
NODE_11_length_207389_cov_20.800173 194000 196000 53.95
NODE_11_length_207389_cov_20.800173 196000 198000 58.55
NODE_11_length_207389_cov_20.800173 198000 200000 55.15
NODE_11_length_207389_cov_20.800173 200000 202000 58.5
NODE_11_length_207389_cov_20.800173 202000 204000 57.5
NODE_11_length_207389_cov_20.800173 204000 206000 52.75
NODE_11_length_207389_cov_20.800173 206000 207487 54.1358439811701
NODE_12_length_949_cov_73.054794 0 1047 51.8624641833811
NODE_13_length_23104_cov_17.959833 0 2000 42.55
NODE_13_length_23104_cov_17.959833 2000 4000 41.45
NODE_13_length_23104_cov_17.959833 4000 6000 42.6
NODE_13_length_23104_cov_17.959833 6000 8000 40.2
NODE_13_length_23104_cov_17.959833 8000 10000 48.45
NODE_13_length_23104_cov_17.959833 10000 12000 56.8
NODE_13_length_23104_cov_17.959833 12000 14000 53.5
NODE_13_length_23104_cov_17.959833 14000 16000 54.95
NODE_13_length_23104_cov_17.959833 16000 18000 49.1
NODE_13_length_23104_cov_17.959833 18000 20000 55.8
NODE_13_length_23104_cov_17.959833 20000 22000 51.7
NODE_13_length_23104_cov_17.959833 22000 23202 55.4908485856905
NODE_14_length_37447_cov_19.476460 0 2000 44.572864321608
NODE_14_length_37447_cov_19.476460 2000 4000 50.4
NODE_14_length_37447_cov_19.476460 4000 6000 46.0301507537688
NODE_14_length_37447_cov_19.476460 6000 8000 50.05
NODE_14_length_37447_cov_19.476460 8000 10000 52.5
NODE_14_length_37447_cov_19.476460 10000 12000 55.8
NODE_14_length_37447_cov_19.476460 12000 14000 56.1
NODE_14_length_37447_cov_19.476460 14000 16000 48.1
NODE_14_length_37447_cov_19.476460 16000 18000 51.9
NODE_14_length_37447_cov_19.476460 18000 20000 55.25
NODE_14_length_37447_cov_19.476460 20000 22000 52.5
NODE_14_length_37447_cov_19.476460 22000 24000 55.4
NODE_14_length_37447_cov_19.476460 24000 26000 53.4
NODE_14_length_37447_cov_19.476460 26000 28000 56.75
NODE_14_length_37447_cov_19.476460 28000 30000 48.55
NODE_14_length_37447_cov_19.476460 30000 32000 56.2
NODE_14_length_37447_cov_19.476460 32000 34000 54.8
NODE_14_length_37447_cov_19.476460 34000 36000 57.3
NODE_14_length_37447_cov_19.476460 36000 37545 55.4045307443366
NODE_15_length_2568_cov_16.217289 0 2000 55.25
NODE_15_length_2568_cov_16.217289 2000 2666 57.6576576576577
NODE_18_length_113582_cov_18.909678 0 2000 56.8
NODE_18_length_113582_cov_18.909678 2000 4000 56.75
NODE_18_length_113582_cov_18.909678 4000 6000 57.286432160804
NODE_18_length_113582_cov_18.909678 6000 8000 55.9
NODE_18_length_113582_cov_18.909678 8000 10000 55.5
NODE_18_length_113582_cov_18.909678 10000 12000 56.8
NODE_18_length_113582_cov_18.909678 12000 14000 50.4
NODE_18_length_113582_cov_18.909678 14000 16000 52.9
NODE_18_length_113582_cov_18.909678 16000 18000 54.95
NODE_18_length_113582_cov_18.909678 18000 20000 54.9
NODE_18_length_113582_cov_18.909678 20000 22000 46.95
NODE_18_length_113582_cov_18.909678 22000 24000 41.35
NODE_18_length_113582_cov_18.909678 24000 26000 45.35
NODE_18_length_113582_cov_18.909678 26000 28000 47.5502836513667
NODE_18_length_113582_cov_18.909678 28000 30000 47.35
NODE_18_length_113582_cov_18.909678 30000 32000 58
NODE_18_length_113582_cov_18.909678 32000 34000 58.75
NODE_18_length_113582_cov_18.909678 34000 36000 57.75
NODE_18_length_113582_cov_18.909678 36000 38000 54.5
NODE_18_length_113582_cov_18.909678 38000 40000 56.75
NODE_18_length_113582_cov_18.909678 40000 42000 62.55
NODE_18_length_113582_cov_18.909678 42000 44000 59.1
NODE_18_length_113582_cov_18.909678 44000 46000 56.4208354822073
NODE_18_length_113582_cov_18.909678 46000 48000 55.95
NODE_18_length_113582_cov_18.909678 48000 50000 58.95
NODE_18_length_113582_cov_18.909678 50000 52000 59.3847758081335
NODE_18_length_113582_cov_18.909678 52000 54000 54.9
NODE_18_length_113582_cov_18.909678 54000 56000 55.35
NODE_18_length_113582_cov_18.909678 56000 58000 54.5
NODE_18_length_113582_cov_18.909678 58000 60000 54.85
NODE_18_length_113582_cov_18.909678 60000 62000 54.7
NODE_18_length_113582_cov_18.909678 62000 64000 55.35
NODE_18_length_113582_cov_18.909678 64000 66000 54.85
NODE_18_length_113582_cov_18.909678 66000 68000 57.15
NODE_18_length_113582_cov_18.909678 68000 70000 55.35
NODE_18_length_113582_cov_18.909678 70000 72000 55.6418219461698
NODE_18_length_113582_cov_18.909678 72000 74000 47.6
NODE_18_length_113582_cov_18.909678 74000 76000 56.8
NODE_18_length_113582_cov_18.909678 76000 78000 56.45
NODE_18_length_113582_cov_18.909678 78000 80000 55.65
NODE_18_length_113582_cov_18.909678 80000 82000 57.05
NODE_18_length_113582_cov_18.909678 82000 84000 53.95
NODE_18_length_113582_cov_18.909678 84000 86000 53.65
NODE_18_length_113582_cov_18.909678 86000 88000 56.15
NODE_18_length_113582_cov_18.909678 88000 90000 48.9
NODE_18_length_113582_cov_18.909678 90000 92000 56.8
NODE_18_length_113582_cov_18.909678 92000 94000 54.25
NODE_18_length_113582_cov_18.909678 94000 96000 51.6
NODE_18_length_113582_cov_18.909678 96000 98000 55.8
NODE_18_length_113582_cov_18.909678 98000 100000 53.85
NODE_18_length_113582_cov_18.909678 100000 102000 55.2
NODE_18_length_113582_cov_18.909678 102000 104000 52.45
NODE_18_length_113582_cov_18.909678 104000 106000 57.55
NODE_18_length_113582_cov_18.909678 106000 108000 60.9
NODE_18_length_113582_cov_18.909678 108000 110000 54.15
NODE_18_length_113582_cov_18.909678 110000 112000 53.25
NODE_18_length_113582_cov_18.909678 112000 113680 47.2023809523809
