2.TM7.10 0 1000 1
2.TM7.10 21000 22000 1
2.TM7.10 4000 5000 1
2.TM7.11 0 1000 1
2.TM7.11 23000 24000 4
2.TM7.11 24000 25000 3
2.TM7.11 40000 41000 1
2.TM7.12 0 1000 6
2.TM7.13 0 1000 4
2.TM7.13 1000 1193 3
2.TM7.14 0 1000 3
2.TM7.15 0 1000 2
2.TM7.2 123000 124000 47
2.TM7.2 124000 125000 17
2.TM7.2 154000 155000 1
2.TM7.2 164000 165000 6
2.TM7.2 188000 189000 1
2.TM7.2 189000 190000 5
2.TM7.2 190000 191000 1
2.TM7.2 28000 29000 1
2.TM7.2 5000 6000 1
2.TM7.2 82000 83000 1
2.TM7.4 125000 126000 1
2.TM7.4 126000 126386 1
2.TM7.4 54000 55000 2
2.TM7.4 55000 56000 10
2.TM7.4 61000 62000 1
2.TM7.5 126000 127000 1
2.TM7.5 13000 14000 1
2.TM7.5 14000 15000 10
2.TM7.5 15000 16000 10
2.TM7.5 74000 75000 2
2.TM7.6 0 1000 1
2.TM7.6 109000 110000 1
2.TM7.6 112000 113000 2
2.TM7.6 113000 114000 13
2.TM7.6 114000 115000 2
2.TM7.6 120000 121000 1
2.TM7.6 121000 122000 2
2.TM7.6 137000 138000 1
2.TM7.6 189000 189856 1
2.TM7.6 2000 3000 10
2.TM7.6 20000 21000 1
2.TM7.6 21000 22000 2
2.TM7.7 24000 25000 1
2.TM7.7 4000 5000 1
2.TM7.7 70000 71000 1
2.TM7.8 20000 21000 47
2.TM7.8 21000 22000 17
2.TM7.8 48000 49000 1
2.TM7.8 55000 55654 1
