6334767 1.TM7.1 113 114
6334767 1.TM7.1 1013558 1013559
6336822 1.TM7.1 61 62
6336822 1.TM7.1 1013574 1013575
6338793 1.TM7.1 119 120
6338793 1.TM7.1 1013631 1013632
6339483 1.TM7.1 59 60
6339483 1.TM7.1 1013611 1013612
6339833 1.TM7.1 1013565 1013566
6339833 1.TM7.1 2 3
6340442 1.TM7.1 42 43
6340442 1.TM7.1 1013611 1013612
6340709 1.TM7.1 9 10
6340709 1.TM7.1 1013447 1013448
6340839 1.TM7.1 114 115
6340839 1.TM7.1 1013635 1013636
6341901 1.TM7.1 1013670 1013671
6341901 1.TM7.1 121 122
6342970 1.TM7.1 1013581 1013582
6342970 1.TM7.1 43 44
6343116 1.TM7.1 121 122
6343116 1.TM7.1 1013645 1013646
6343686 1.TM7.1 63 64
6343686 1.TM7.1 1013639 1013640
6344623 1.TM7.1 159 160
6344623 1.TM7.1 1013624 1013625
6344799 1.TM7.1 1013610 1013611
6344799 1.TM7.1 63 64
6345708 1.TM7.1 1013502 1013503
6345708 1.TM7.1 15 16
6345733 1.TM7.1 1013587 1013588
6345733 1.TM7.1 89 90
6346131 1.TM7.1 1013614 1013615
6346131 1.TM7.1 29 30
6346407 1.TM7.1 1013625 1013626
6346407 1.TM7.1 104 105
6346717 1.TM7.1 124 125
6346717 1.TM7.1 1013653 1013654
6347015 1.TM7.1 1013406 1013407
6347015 1.TM7.1 42 43
6347156 1.TM7.1 29 30
6347156 1.TM7.1 1013617 1013618
6347573 1.TM7.1 1013572 1013573
6347573 1.TM7.1 81 82
6347753 1.TM7.1 1013543 1013544
6347753 1.TM7.1 35 36
6348285 1.TM7.1 185 186
6348285 1.TM7.1 1013522 1013523
6348837 1.TM7.1 48 49
6348837 1.TM7.1 1013447 1013448
6349351 1.TM7.1 1013614 1013615
6349351 1.TM7.1 144 145
6349417 1.TM7.1 1013598 1013599
6349417 1.TM7.1 50 51
6349745 1.TM7.1 1013625 1013626
6349745 1.TM7.1 158 159
6349896 1.TM7.1 1013635 1013636
6349896 1.TM7.1 227 228
6349903 1.TM7.1 145 146
6349903 1.TM7.1 1013587 1013588
6349952 1.TM7.1 1013611 1013612
6349952 1.TM7.1 116 117
6350504 1.TM7.1 23 24
6350504 1.TM7.1 1013559 1013560
6350875 1.TM7.1 1013575 1013576
6350875 1.TM7.1 23 24
6350929 1.TM7.1 41 42
6350929 1.TM7.1 1013624 1013625
6351101 1.TM7.1 1013596 1013597
6351101 1.TM7.1 72 73
6351465 1.TM7.1 153 154
6351465 1.TM7.1 1013638 1013639
6352298 1.TM7.1 1013633 1013634
6352298 1.TM7.1 69 70
6352435 1.TM7.1 19 20
6352435 1.TM7.1 1013428 1013429
6352487 1.TM7.1 1013587 1013588
6352487 1.TM7.1 20 21
6353186 1.TM7.1 1013653 1013654
6353186 1.TM7.1 84 85
6353195 1.TM7.1 188 189
6353195 1.TM7.1 1013686 1013687
6353593 1.TM7.1 1013552 1013553
6353593 1.TM7.1 10 11
6353791 1.TM7.1 1 2
6353791 1.TM7.1 1013601 1013602
6353830 1.TM7.1 131 132
6353830 1.TM7.1 1013597 1013598
6353893 1.TM7.1 1013564 1013565
6353893 1.TM7.1 11 12
6354059 1.TM7.1 1013650 1013651
6354059 1.TM7.1 46 47
6354103 1.TM7.1 24 25
6354103 1.TM7.1 1013414 1013415
6354515 1.TM7.1 1013585 1013586
6354515 1.TM7.1 65 66
6354521 1.TM7.1 185 186
6354521 1.TM7.1 1013540 1013541
6354702 1.TM7.1 1013661 1013662
6354702 1.TM7.1 25 26
6355278 1.TM7.1 11 12
6355278 1.TM7.1 1013301 1013302
6355980 1.TM7.1 31 32
6355980 1.TM7.1 1013590 1013591
6356195 1.TM7.1 115 116
6356195 1.TM7.1 1013621 1013622
6356268 1.TM7.1 12 13
6356268 1.TM7.1 1013649 1013650
6357068 1.TM7.1 75 76
6357068 1.TM7.1 1013632 1013633
6357205 1.TM7.1 193 194
6357205 1.TM7.1 1013624 1013625
6357436 1.TM7.1 38 39
6357436 1.TM7.1 1013472 1013473
6357610 1.TM7.1 1013533 1013534
6357610 1.TM7.1 212 213
6357718 1.TM7.1 1013611 1013612
6357718 1.TM7.1 45 46
6357736 1.TM7.1 1013620 1013621
6357736 1.TM7.1 37 38
6357889 1.TM7.1 58 59
6357889 1.TM7.1 1013614 1013615
6358858 1.TM7.1 229 230
6358858 1.TM7.1 1013629 1013630
6359830 1.TM7.1 37 38
6359830 1.TM7.1 1013570 1013571
6359871 1.TM7.1 11 12
6359871 1.TM7.1 1013600 1013601
6360126 1.TM7.1 1013553 1013554
6360126 1.TM7.1 63 64
6360610 1.TM7.1 30 31
6360610 1.TM7.1 1013550 1013551
6360661 1.TM7.1 66 67
6360661 1.TM7.1 1013480 1013481
6360849 1.TM7.1 37 38
6360849 1.TM7.1 1013432 1013433
6361031 1.TM7.1 6 7
6361031 1.TM7.1 1013540 1013541
6361057 1.TM7.1 47 48
6361057 1.TM7.1 1013561 1013562
6361193 1.TM7.1 1013614 1013615
6361193 1.TM7.1 316 317
6361303 1.TM7.1 82 83
6361303 1.TM7.1 1013542 1013543
6361445 1.TM7.1 1013635 1013636
6361445 1.TM7.1 25 26
6362075 1.TM7.1 1013619 1013620
6362075 1.TM7.1 61 62
6362080 1.TM7.1 62 63
6362080 1.TM7.1 1013629 1013630
6362383 1.TM7.1 77 78
6362383 1.TM7.1 1013621 1013622
6362443 1.TM7.1 142 143
6362443 1.TM7.1 1013559 1013560
6363036 1.TM7.1 1013525 1013526
6363036 1.TM7.1 12 13
6363842 1.TM7.1 1013421 1013422
6363842 1.TM7.1 117 118
6364223 1.TM7.1 20 21
6364223 1.TM7.1 1013607 1013608
6364702 1.TM7.1 1013601 1013602
6364702 1.TM7.1 43 44
6365314 1.TM7.1 1013632 1013633
6365314 1.TM7.1 7 8
6365396 1.TM7.1 22 23
6365396 1.TM7.1 1013615 1013616
6365473 1.TM7.1 6 7
6365473 1.TM7.1 1013648 1013649
6365705 1.TM7.1 1013609 1013610
6365705 1.TM7.1 80 81
6366363 1.TM7.1 1013475 1013476
6366363 1.TM7.1 10 11
6366902 1.TM7.1 1013555 1013556
6366902 1.TM7.1 64 65
6366934 1.TM7.1 1013513 1013514
6366934 1.TM7.1 170 171
6366950 1.TM7.1 39 40
6366950 1.TM7.1 1013605 1013606
6367199 1.TM7.1 1013568 1013569
6367199 1.TM7.1 52 53
6367440 1.TM7.1 1013366 1013367
6367440 1.TM7.1 4 5
6367521 1.TM7.1 3 4
6367521 1.TM7.1 1013593 1013594
6367601 1.TM7.1 81 82
6367601 1.TM7.1 1013571 1013572
6367797 1.TM7.1 36 37
6367797 1.TM7.1 1013666 1013667
6367806 1.TM7.1 1013620 1013621
6367806 1.TM7.1 222 223
6367817 1.TM7.1 97 98
6367817 1.TM7.1 1013625 1013626
6368116 1.TM7.1 1013552 1013553
6368116 1.TM7.1 82 83
6368133 1.TM7.1 1013614 1013615
6368133 1.TM7.1 72 73
6368142 1.TM7.1 7 8
6368142 1.TM7.1 1013552 1013553
6368222 1.TM7.1 229 230
6368222 1.TM7.1 1013628 1013629
6368595 1.TM7.1 1013384 1013385
6368595 1.TM7.1 40 41
6368661 1.TM7.1 1013452 1013453
6368661 1.TM7.1 78 79
6368964 1.TM7.1 130 131
6368964 1.TM7.1 1013641 1013642
6369191 1.TM7.1 1013625 1013626
6369191 1.TM7.1 97 98
6369640 1.TM7.1 134 135
6369640 1.TM7.1 1013630 1013631
6369743 1.TM7.1 1013612 1013613
6369743 1.TM7.1 28 29
6369817 1.TM7.1 81 82
6369817 1.TM7.1 1013331 1013332
6370081 1.TM7.1 33 34
6370081 1.TM7.1 1013610 1013611
6370135 1.TM7.1 66 67
6370135 1.TM7.1 1013480 1013481
6370240 1.TM7.1 79 80
6370240 1.TM7.1 1013558 1013559
6370668 1.TM7.1 36 37
6370668 1.TM7.1 1013297 1013298
6370728 1.TM7.1 95 96
6370728 1.TM7.1 1013610 1013611
6370745 1.TM7.1 7 8
6370745 1.TM7.1 1013542 1013543
6370770 1.TM7.1 82 83
6370770 1.TM7.1 1013665 1013666
6370925 1.TM7.1 1013598 1013599
6370925 1.TM7.1 53 54
