118341 contig2 63062 63063
118341 contig2 61214 61215
172191 contig2 99309 99310
172191 contig2 63498 63499
206046 contig2 122031 122032
206046 contig2 11034 11035
229814 contig2 138546 138547
229814 contig2 32718 32719
257426 contig2 157155 157156
257426 contig2 43579 43580
274365 contig2 168369 168370
274365 contig2 41304 41305
291666 contig2 180149 180150
291666 contig2 84389 84390
308857 contig2 191836 191837
308857 contig2 167695 167696
327043 contig2 203730 203731
327043 contig2 121340 121341
340184 contig2 213205 213206
340184 contig2 98515 98516
355234 contig2 223413 223414
355234 contig2 100628 100629
368145 contig2 232571 232572
368145 contig2 120933 120934
379991 contig2 240459 240460
379991 contig2 74209 74210
391095 contig2 247933 247934
391095 contig2 41346 41347
403825 contig2 256517 256518
403825 contig2 94586 94587
417927 contig2 266596 266597
417927 contig2 45263 45264
428392 contig2 274025 274026
428392 contig2 215141 215142
504321 contig3 42582 42583
504321 contig3 7464 7465
559172 contig3 77544 77545
559172 contig3 61605 61606
579342 contig3 89925 89926
579342 contig3 11520 11521
603537 contig3 104841 104842
603537 contig3 53580 53581
622236 contig3 116686 116687
622236 contig3 72427 72428
642352 contig3 129714 129715
642352 contig3 17649 17650
666339 contig3 145024 145025
666339 contig3 123861 123862
688471 contig3 158371 158372
688471 contig3 77725 77726
707994 contig3 170295 170296
707994 contig3 69666 69667
729194 contig3 182551 182552
729194 contig3 13720 13721
743613 contig3 191078 191079
743613 contig3 141901 141902
762211 contig3 202566 202567
762211 contig3 40689 40690
777599 contig3 211267 211268
777599 contig3 164917 164918
790287 contig3 219057 219058
790287 contig3 42424 42425
803058 contig3 226827 226828
803058 contig3 194420 194421
814733 contig3 234259 234260
814733 contig3 173072 173073
829267 contig3 243104 243105
829267 contig3 47989 47990
843091 contig3 251880 251881
843091 contig3 13310 13311
850461 contig3 256550 256551
850461 contig3 12199 12200
860749 contig3 262580 262581
860749 contig3 77460 77461
874530 contig3 271737 271738
874530 contig3 92700 92701
881009 contig3 275766 275767
881009 contig3 30439 30440
892261 contig3 282328 282329
892261 contig3 86826 86827
904576 contig3 290629 290630
904576 contig3 209760 209761
915733 contig3 298880 298881
915733 contig3 257284 257285
923236 contig3 304121 304122
923236 contig3 57694 57695
933396 contig3 311181 311182
933396 contig3 142616 142617
1025512 contig4 61352 61353
1025512 contig4 29023 29024
1066972 contig4 90729 90730
1066972 contig4 27015 27016
1104661 contig4 117088 117089
1104661 contig4 81629 81630
1127709 contig4 133454 133455
1127709 contig4 67430 67431
1156373 contig4 152790 152791
1156373 contig4 73088 73089
1167716 contig4 161363 161364
1167716 contig4 50406 50407
1183798 contig4 172397 172398
1183798 contig4 82120 82121
1198371 contig4 183103 183104
1198371 contig4 104420 104421
1214879 contig4 195123 195124
1214879 contig4 11872 11873
1228284 contig4 204998 204999
1228284 contig4 91747 91748
1243506 contig4 216212 216213
1243506 contig4 1102 1103
1259409 contig4 228158 228159
1259409 contig4 63532 63533
1269744 contig4 235547 235548
1269744 contig4 15003 15004
1280577 contig4 243902 243903
1280577 contig4 33581 33582
1292050 contig4 252270 252271
1292050 contig4 90403 90404
1305003 contig4 261961 261962
1305003 contig4 52992 52993
1316306 contig4 270508 270509
1316306 contig4 35432 35433
1324255 contig4 276336 276337
1324255 contig4 204403 204404
1338485 contig4 287237 287238
1338485 contig4 148575 148576
1351504 contig4 296755 296756
1351504 contig4 48511 48512
1359914 contig4 303100 303101
1359914 contig4 260433 260434
1366460 contig4 307844 307845
1366460 contig4 95089 95090
1377270 contig4 316077 316078
1377270 contig4 38765 38766
1384297 contig4 321262 321263
1384297 contig4 59816 59817
1394081 contig4 328513 328514
1394081 contig4 242956 242957
1406217 contig4 337860 337861
1406217 contig4 277450 277451
1416600 contig4 345642 345643
1416600 contig4 12941 12942
1427032 contig4 353483 353484
1427032 contig4 133785 133786
1438995 contig4 362556 362557
1438995 contig4 302229 302230
1446877 contig4 368613 368614
1446877 contig4 119041 119042
1457904 contig4 377650 377651
1457904 contig4 291206 291207
1465463 contig4 383203 383204
1465463 contig4 87102 87103
1473643 contig4 389369 389370
1473643 contig4 146843 146844
1483542 contig4 396706 396707
1483542 contig4 51731 51732
1490729 contig4 401970 401971
1490729 contig4 236674 236675
1498387 contig4 407736 407737
1498387 contig4 281714 281715
1504938 contig4 412670 412671
1504938 contig4 175261 175262
1510871 contig4 416937 416938
1510871 contig4 402217 402218
1520158 contig4 423310 423311
1520158 contig4 369826 369827
1527092 contig4 428907 428908
1527092 contig4 366094 366095
1535279 contig4 435127 435128
1535279 contig4 164948 164949
1542779 contig4 440873 440874
1542779 contig4 255985 255986
1549431 contig4 445710 445711
1549431 contig4 189851 189852
1558213 contig4 452747 452748
1558213 contig4 207275 207276
1565772 contig4 458563 458564
1565772 contig4 307015 307016
1571248 contig4 462710 462711
1571248 contig4 288226 288227
1580710 contig4 469971 469972
1580710 contig4 331487 331488
1588880 contig4 476082 476083
1588880 contig4 251554 251555
1596552 contig4 481705 481706
1596552 contig4 58403 58404
1604198 contig4 487526 487527
1604198 contig4 170162 170163
1610948 contig4 492696 492697
1610948 contig4 19660 19661
1617847 contig4 495711 495712
1617847 contig4 127064 127065
1623984 contig4 498482 498483
1623984 contig4 164750 164751
1629538 contig4 501014 501015
1629538 contig4 187885 187886
1636509 contig4 503873 503874
1636509 contig4 492610 492611
1636765 contig4 503969 503970
1636765 contig4 492597 492598
1638309 contig4 504957 504958
1638309 contig4 202814 202815
1643905 contig4 509126 509127
1643905 contig4 142752 142753
1650835 contig4 514646 514647
1650835 contig4 19219 19220
1656866 contig4 519305 519306
1656866 contig4 100304 100305
1662740 contig4 523851 523852
1662740 contig4 165232 165233
1668880 contig4 528592 528593
1668880 contig4 149590 149591
1674324 contig4 532817 532818
1674324 contig4 361264 361265
1679617 contig4 536975 536976
1679617 contig4 138877 138878
1687310 contig4 542762 542763
1687310 contig4 467490 467491
1691355 contig4 545881 545882
1691355 contig4 192279 192280
1697662 contig4 550750 550751
1697662 contig4 318007 318008
1702248 contig4 554237 554238
1702248 contig4 35480 35481
1708817 contig4 559298 559299
1708817 contig4 202851 202852
1716195 contig4 565456 565457
1716195 contig4 461270 461271
1721202 contig4 569643 569644
1721202 contig4 297150 297151
1726276 contig4 573665 573666
1726276 contig4 461807 461808
1731523 contig4 577661 577662
1731523 contig4 384935 384936
1736582 contig4 581923 581924
1736582 contig4 338145 338146
1743994 contig4 587975 587976
1743994 contig4 573958 573959
1751137 contig4 593418 593419
1751137 contig4 22323 22324
1757166 contig4 598294 598295
1757166 contig4 4809 4810
1764662 contig4 604323 604324
1764662 contig4 293585 293586
1769679 contig4 608029 608030
1769679 contig4 12452 12453
1775282 contig4 612687 612688
1775282 contig4 515332 515333
1782596 contig4 618293 618294
1782596 contig4 546851 546852
1787127 contig4 621686 621687
1787127 contig4 204283 204284
1792157 contig4 625921 625922
1792157 contig4 296313 296314
1798525 contig4 631127 631128
1798525 contig4 64928 64929
1803946 contig4 635735 635736
1803946 contig4 19131 19132
1810871 contig4 641479 641480
1810871 contig4 338812 338813
1814346 contig4 644307 644308
1814346 contig4 631102 631103
1819510 contig4 648747 648748
1819510 contig4 263591 263592
1824466 contig4 652737 652738
1824466 contig4 332903 332904
1830090 contig4 657239 657240
1830090 contig4 362449 362450
1836199 contig4 662157 662158
1836199 contig4 30303 30304
1841417 contig4 666353 666354
1841417 contig4 271981 271982
1844784 contig4 669220 669221
1844784 contig4 359983 359984
1849648 contig4 673181 673182
1849648 contig4 284543 284544
1854254 contig4 677020 677021
1854254 contig4 617992 617993
1859279 contig4 681291 681292
1859279 contig4 602882 602883
1864912 contig4 685686 685687
1864912 contig4 226465 226466
1872394 contig4 691843 691844
1872394 contig4 172784 172785
1876874 contig4 695430 695431
1876874 contig4 512473 512474
1882021 contig4 699730 699731
1882021 contig4 641933 641934
1888136 contig4 704688 704689
1888136 contig4 661139 661140
1893380 contig4 709178 709179
1893380 contig4 527696 527697
1897882 contig4 712812 712813
1897882 contig4 78836 78837
1902266 contig4 716331 716332
1902266 contig4 402470 402471
1909138 contig4 722286 722287
1909138 contig4 284777 284778
1914326 contig4 726466 726467
1914326 contig4 706759 706760
1918898 contig4 730000 730001
1918898 contig4 30510 30511
1922764 contig4 733078 733079
1922764 contig4 345540 345541
1928341 contig4 737516 737517
1928341 contig4 388862 388863
1932629 contig4 741112 741113
1932629 contig4 255054 255055
1937948 contig4 745603 745604
1937948 contig4 210933 210934
1942817 contig4 749679 749680
1942817 contig4 525528 525529
1947612 contig4 753674 753675
1947612 contig4 440083 440084
1952229 contig4 757347 757348
1952229 contig4 627812 627813
1955359 contig4 760015 760016
1955359 contig4 592338 592339
1959653 contig4 763551 763552
1959653 contig4 479126 479127
1965434 contig4 768659 768660
1965434 contig4 545240 545241
1970542 contig4 773058 773059
1970542 contig4 354230 354231
1975405 contig4 777272 777273
1975405 contig4 66994 66995
1981421 contig4 782440 782441
1981421 contig4 579547 579548
1987613 contig4 787681 787682
1987613 contig4 498393 498394
1991208 contig4 790746 790747
1991208 contig4 656286 656287
1994479 contig4 793612 793613
1994479 contig4 448396 448397
1998922 contig4 797405 797406
1998922 contig4 195555 195556
2002732 contig4 800645 800646
2002732 contig4 661136 661137
2007690 contig4 805080 805081
2007690 contig4 16462 16463
2010864 contig4 807699 807700
2010864 contig4 397487 397488
2015756 contig4 811843 811844
2015756 contig4 30872 30873
2020649 contig4 815904 815905
2020649 contig4 613095 613096
2024668 contig4 819199 819200
2024668 contig4 225087 225088
2029100 contig4 823405 823406
2029100 contig4 254894 254895
2033249 contig4 826821 826822
2033249 contig4 772034 772035
2038117 contig4 830854 830855
2038117 contig4 316922 316923
2043778 contig4 835669 835670
2043778 contig4 304031 304032
2046595 contig4 838149 838150
2046595 contig4 755044 755045
2050949 contig4 842157 842158
2050949 contig4 202340 202341
2056542 contig4 847015 847016
2056542 contig4 397767 397768
2061463 contig4 851338 851339
2061463 contig4 453337 453338
2065670 contig4 854636 854637
2065670 contig4 112574 112575
2070949 contig4 859183 859184
2070949 contig4 408981 408982
2075848 contig4 863431 863432
2075848 contig4 107529 107530
2080120 contig4 867144 867145
2080120 contig4 714918 714919
2084252 contig4 870837 870838
2084252 contig4 719613 719614
2088771 contig4 874907 874908
2088771 contig4 326460 326461
2091930 contig4 877813 877814
2091930 contig4 848535 848536
2096019 contig4 881400 881401
2096019 contig4 549230 549231
2100537 contig4 885748 885749
2100537 contig4 713753 713754
2105160 contig4 890052 890053
2105160 contig4 732866 732867
2108562 contig4 893246 893247
2108562 contig4 767041 767042
2113614 contig4 897687 897688
2113614 contig4 496263 496264
2117756 contig4 901469 901470
2117756 contig4 336857 336858
2120966 contig4 904448 904449
2120966 contig4 848645 848646
2124835 contig4 907852 907853
2124835 contig4 125846 125847
2129174 contig4 911916 911917
2129174 contig4 502161 502162
2132105 contig4 914514 914515
2132105 contig4 348455 348456
2135052 contig4 917248 917249
2135052 contig4 764646 764647
2138053 contig4 919861 919862
2138053 contig4 12328 12329
2140660 contig4 922376 922377
2140660 contig4 894153 894154
2144387 contig4 925955 925956
2144387 contig4 764919 764920
2147943 contig4 929247 929248
2147943 contig4 26487 26488
2151121 contig4 932125 932126
2151121 contig4 286569 286570
2155700 contig4 936098 936099
2155700 contig4 411307 411308
2159059 contig4 939010 939011
2159059 contig4 111368 111369
2162887 contig4 942388 942389
2162887 contig4 531524 531525
2167161 contig4 946391 946392
2167161 contig4 266149 266150
2170965 contig4 950039 950040
2170965 contig4 355900 355901
2175713 contig4 954626 954627
2175713 contig4 948596 948597
2180734 contig4 959430 959431
2180734 contig4 683470 683471
2184246 contig4 962582 962583
2184246 contig4 766732 766733
2187606 contig4 965787 965788
2187606 contig4 646232 646233
2190276 contig4 968277 968278
2190276 contig4 362873 362874
2193296 contig4 971335 971336
2193296 contig4 844573 844574
2197140 contig4 974932 974933
2197140 contig4 319623 319624
2201093 contig4 978909 978910
2201093 contig4 259505 259506
2205136 contig4 982823 982824
2205136 contig4 877501 877502
2208771 contig4 986114 986115
2208771 contig4 253764 253765
2213068 contig4 990147 990148
2213068 contig4 226184 226185
2216612 contig4 993553 993554
2216612 contig4 861533 861534
2221859 contig4 998520 998521
2221859 contig4 225353 225354
2225715 contig4 1002446 1002447
2225715 contig4 355616 355617
2228589 contig4 1005392 1005393
2228589 contig4 827164 827165
2232436 contig4 1009090 1009091
2232436 contig4 348661 348662
2236614 contig4 1013181 1013182
2236614 contig4 930125 930126
2240170 contig4 1016816 1016817
2240170 contig4 956088 956089
2243398 contig4 1019714 1019715
2243398 contig4 761041 761042
2247366 contig4 1023513 1023514
2247366 contig4 762519 762520
2250742 contig4 1026498 1026499
2250742 contig4 192230 192231
2254021 contig4 1029558 1029559
2254021 contig4 178434 178435
2257553 contig4 1032771 1032772
2257553 contig4 799397 799398
2262536 contig4 1037478 1037479
2262536 contig4 760976 760977
2266753 contig4 1041492 1041493
2266753 contig4 643095 643096
2270083 contig4 1044646 1044647
2270083 contig4 22002 22003
2273792 contig4 1047995 1047996
2273792 contig4 663755 663756
2277250 contig4 1051133 1051134
2277250 contig4 489609 489610
2280239 contig4 1053922 1053923
2280239 contig4 159738 159739
2284190 contig4 1057344 1057345
2284190 contig4 501458 501459
2287839 contig4 1060533 1060534
2287839 contig4 148197 148198
2291409 contig4 1063811 1063812
2291409 contig4 86574 86575
2296488 contig4 1068485 1068486
2296488 contig4 925127 925128
2299871 contig4 1071763 1071764
2299871 contig4 839172 839173
2303216 contig4 1075207 1075208
2303216 contig4 985582 985583
2306114 contig4 1078032 1078033
2306114 contig4 741604 741605
2309896 contig4 1081573 1081574
2309896 contig4 405873 405874
2315094 contig4 1086451 1086452
2315094 contig4 778249 778250
2318408 contig4 1089543 1089544
2318408 contig4 1082255 1082256
2323660 contig4 1094301 1094302
2323660 contig4 822355 822356
2327461 contig4 1097877 1097878
2327461 contig4 733468 733469
2330564 contig4 1100495 1100496
2330564 contig4 932397 932398
2334391 contig4 1103994 1103995
2334391 contig4 548726 548727
2336821 contig4 1106352 1106353
2336821 contig4 628230 628231
2341066 contig4 1110676 1110677
2341066 contig4 627588 627589
2344846 contig4 1114520 1114521
2344846 contig4 328148 328149
2348311 contig4 1117982 1117983
2348311 contig4 23479 23480
2351580 contig4 1121356 1121357
2351580 contig4 930603 930604
2354117 contig4 1124116 1124117
2354117 contig4 285944 285945
2357889 contig4 1127842 1127843
2357889 contig4 610786 610787
2360964 contig4 1130704 1130705
2360964 contig4 1119048 1119049
2365197 contig4 1134891 1134892
2365197 contig4 269317 269318
2368868 contig4 1138550 1138551
2368868 contig4 286345 286346
2371814 contig4 1141298 1141299
2371814 contig4 25214 25215
2375774 contig4 1144912 1144913
2375774 contig4 643933 643934
2379130 contig4 1148589 1148590
2379130 contig4 43097 43098
2381731 contig4 1151330 1151331
2381731 contig4 314770 314771
2385527 contig4 1155110 1155111
2385527 contig4 858457 858458
2390265 contig4 1159873 1159874
2390265 contig4 579663 579664
2393217 contig4 1162687 1162688
2393217 contig4 242702 242703
2396158 contig4 1165647 1165648
2396158 contig4 49979 49980
2400335 contig4 1169788 1169789
2400335 contig4 922669 922670
2402911 contig4 1172197 1172198
2402911 contig4 494152 494153
2406382 contig4 1175762 1175763
2406382 contig4 223567 223568
2409713 contig4 1179096 1179097
2409713 contig4 778897 778898
2413057 contig4 1182500 1182501
2413057 contig4 715544 715545
2416474 contig4 1185761 1185762
2416474 contig4 878574 878575
2418938 contig4 1188348 1188349
2418938 contig4 806183 806184
2422776 contig4 1192014 1192015
2422776 contig4 272940 272941
2425750 contig4 1195011 1195012
2425750 contig4 776436 776437
2428944 contig4 1198079 1198080
2428944 contig4 772102 772103
2431500 contig4 1200616 1200617
2431500 contig4 499054 499055
2435217 contig4 1204277 1204278
2435217 contig4 492446 492447
2437819 contig4 1206982 1206983
2437819 contig4 659307 659308
2440541 contig4 1209253 1209254
2440541 contig4 186893 186894
2445024 contig4 1213524 1213525
2445024 contig4 78874 78875
2448081 contig4 1216632 1216633
2448081 contig4 1162914 1162915
2451360 contig4 1219707 1219708
2451360 contig4 667084 667085
2454269 contig4 1222651 1222652
2454269 contig4 19453 19454
2457489 contig4 1225884 1225885
2457489 contig4 674902 674903
2460544 contig4 1228710 1228711
2460544 contig4 568351 568352
2463424 contig4 1231407 1231408
2463424 contig4 814093 814094
2466672 contig4 1234462 1234463
2466672 contig4 519626 519627
2470039 contig4 1237721 1237722
2470039 contig4 424317 424318
2472464 contig4 1240087 1240088
2472464 contig4 405559 405560
2474645 contig4 1242088 1242089
2474645 contig4 416320 416321
2479605 contig4 1246872 1246873
2479605 contig4 1178753 1178754
2482746 contig4 1249947 1249948
2482746 contig4 423470 423471
2486131 contig4 1253263 1253264
2486131 contig4 31460 31461
2490108 contig4 1257188 1257189
2490108 contig4 1176076 1176077
2493233 contig4 1260405 1260406
2493233 contig4 163598 163599
2495921 contig4 1262944 1262945
2495921 contig4 96138 96139
2498028 contig4 1264694 1264695
2498028 contig4 413787 413788
2500919 contig4 1268220 1268221
2500919 contig4 361892 361893
2504946 contig4 1272207 1272208
2504946 contig4 275367 275368
2507367 contig4 1274663 1274664
2507367 contig4 430272 430273
2510354 contig4 1277169 1277170
2510354 contig4 386884 386885
2513814 contig4 1280398 1280399
2513814 contig4 781416 781417
2516442 contig4 1282847 1282848
2516442 contig4 702076 702077
2519027 contig4 1285338 1285339
2519027 contig4 1173307 1173308
2521461 contig4 1287708 1287709
2521461 contig4 118849 118850
2525374 contig4 1291214 1291215
2525374 contig4 492624 492625
2528163 contig4 1293857 1293858
2528163 contig4 1199088 1199089
2530860 contig4 1296347 1296348
2530860 contig4 493321 493322
2533979 contig4 1299328 1299329
2533979 contig4 1274056 1274057
2536514 contig4 1301730 1301731
2536514 contig4 475189 475190
2538929 contig4 1303970 1303971
2538929 contig4 297851 297852
2543600 contig4 1308101 1308102
2543600 contig4 11588 11589
2546368 contig4 1310547 1310548
2546368 contig4 565853 565854
2548378 contig4 1312653 1312654
2548378 contig4 1281738 1281739
2549867 contig4 1314185 1314186
2549867 contig4 1313088 1313089
2552574 contig4 1316722 1316723
2552574 contig4 267457 267458
2555371 contig4 1319344 1319345
2555371 contig4 557293 557294
2558352 contig4 1321952 1321953
2558352 contig4 827996 827997
2560986 contig4 1324486 1324487
2560986 contig4 402134 402135
2564153 contig4 1327540 1327541
2564153 contig4 555058 555059
2567828 contig4 1331072 1331073
2567828 contig4 76236 76237
2571139 contig4 1334339 1334340
2571139 contig4 785226 785227
2575156 contig4 1338040 1338041
2575156 contig4 476638 476639
2578295 contig4 1340936 1340937
2578295 contig4 1213669 1213670
2579902 contig4 1342603 1342604
2579902 contig4 656152 656153
2582729 contig4 1345560 1345561
2582729 contig4 989057 989058
2587069 contig4 1349369 1349370
2587069 contig4 205121 205122
2590505 contig4 1352775 1352776
2590505 contig4 358885 358886
2593260 contig4 1355483 1355484
2593260 contig4 944536 944537
2596832 contig4 1358946 1358947
2596832 contig4 1273758 1273759
2599436 contig4 1361435 1361436
2599436 contig4 903562 903563
2602164 contig4 1364013 1364014
2602164 contig4 432812 432813
2605313 contig4 1366984 1366985
2605313 contig4 483561 483562
2608336 contig4 1369795 1369796
2608336 contig4 12420 12421
2610344 contig4 1371653 1371654
2610344 contig4 20198 20199
2613761 contig4 1374745 1374746
2613761 contig4 14904 14905
2615803 contig4 1376572 1376573
2615803 contig4 859805 859806
2618241 contig4 1379172 1379173
2618241 contig4 937902 937903
2621028 contig4 1381695 1381696
2621028 contig4 546145 546146
2624309 contig4 1384954 1384955
2624309 contig4 376721 376722
2627291 contig4 1387806 1387807
2627291 contig4 567340 567341
2630572 contig4 1390719 1390720
2630572 contig4 722484 722485
2633401 contig4 1393404 1393405
2633401 contig4 986198 986199
2635715 contig4 1395420 1395421
2635715 contig4 814599 814600
2638534 contig4 1398155 1398156
2638534 contig4 448002 448003
2641336 contig4 1400670 1400671
2641336 contig4 72900 72901
2643977 contig4 1402886 1402887
2643977 contig4 978269 978270
2646437 contig4 1405183 1405184
2646437 contig4 139001 139002
2648908 contig4 1407248 1407249
2648908 contig4 317881 317882
2650700 contig4 1408865 1408866
2650700 contig4 486965 486966
2652896 contig4 1410778 1410779
2652896 contig4 737012 737013
2655204 contig4 1412881 1412882
2655204 contig4 470537 470538
2656955 contig4 1414524 1414525
2656955 contig4 880138 880139
2659231 contig4 1416691 1416692
2659231 contig4 1020428 1020429
2662409 contig4 1419595 1419596
2662409 contig4 401065 401066
2664550 contig4 1421595 1421596
2664550 contig4 613626 613627
2667177 contig4 1424057 1424058
2667177 contig4 772542 772543
2670696 contig4 1427178 1427179
2670696 contig4 1415667 1415668
2673676 contig4 1429765 1429766
2673676 contig4 422384 422385
2676002 contig4 1431849 1431850
2676002 contig4 1020986 1020987
2679223 contig4 1434775 1434776
2679223 contig4 414376 414377
2681253 contig4 1436583 1436584
2681253 contig4 867965 867966
2683127 contig4 1438299 1438300
2683127 contig4 1329008 1329009
2685583 contig4 1440395 1440396
2685583 contig4 34151 34152
2687892 contig4 1442256 1442257
2687892 contig4 146654 146655
2690679 contig4 1444720 1444721
2690679 contig4 505045 505046
2693353 contig4 1447202 1447203
2693353 contig4 1385044 1385045
2696389 contig4 1449850 1449851
2696389 contig4 1203222 1203223
2698428 contig4 1451794 1451795
2698428 contig4 479393 479394
2701810 contig4 1454747 1454748
2701810 contig4 240819 240820
2703896 contig4 1456520 1456521
2703896 contig4 1411904 1411905
2707370 contig4 1459466 1459467
2707370 contig4 197228 197229
2710006 contig4 1461955 1461956
2710006 contig4 810258 810259
2712802 contig4 1464229 1464230
2712802 contig4 959574 959575
2715785 contig4 1466713 1466714
2715785 contig4 654257 654258
2719433 contig4 1469899 1469900
2719433 contig4 1405402 1405403
2721497 contig4 1471597 1471598
2721497 contig4 51969 51970
2723963 contig4 1473801 1473802
2723963 contig4 428122 428123
2726306 contig4 1475920 1475921
2726306 contig4 319896 319897
2729668 contig4 1479006 1479007
2729668 contig4 1344697 1344698
2732074 contig4 1481140 1481141
2732074 contig4 920020 920021
2734869 contig4 1483629 1483630
2734869 contig4 743949 743950
2736540 contig4 1485171 1485172
2736540 contig4 779155 779156
2739245 contig4 1487568 1487569
2739245 contig4 713424 713425
2741933 contig4 1489850 1489851
2741933 contig4 175795 175796
2745181 contig4 1492440 1492441
2745181 contig4 413505 413506
2748475 contig4 1495280 1495281
2748475 contig4 1348598 1348599
2751171 contig4 1497811 1497812
2751171 contig4 1071295 1071296
2753663 contig4 1499953 1499954
2753663 contig4 73012 73013
2755766 contig4 1501859 1501860
2755766 contig4 757451 757452
2758027 contig4 1503872 1503873
2758027 contig4 909601 909602
2760417 contig4 1505824 1505825
2760417 contig4 1196127 1196128
2762505 contig4 1507543 1507544
2762505 contig4 945444 945445
2764937 contig4 1509636 1509637
2764937 contig4 1371442 1371443
2767768 contig4 1512170 1512171
2767768 contig4 1058181 1058182
2770463 contig4 1514467 1514468
2770463 contig4 127910 127911
2772855 contig4 1516484 1516485
2772855 contig4 153641 153642
2775381 contig4 1518515 1518516
2775381 contig4 1039837 1039838
2778265 contig4 1521196 1521197
2778265 contig4 27115 27116
2780721 contig4 1523339 1523340
2780721 contig4 1475976 1475977
2782874 contig4 1525076 1525077
2782874 contig4 780785 780786
2784899 contig4 1526687 1526688
2784899 contig4 810370 810371
2787882 contig4 1529591 1529592
2787882 contig4 1391072 1391073
2791268 contig4 1532501 1532502
2791268 contig4 1351266 1351267
2794284 contig4 1535107 1535108
2794284 contig4 387460 387461
2797153 contig4 1537729 1537730
2797153 contig4 1361874 1361875
2799600 contig4 1540056 1540057
2799600 contig4 896852 896853
2801844 contig4 1541959 1541960
2801844 contig4 1221161 1221162
2804346 contig4 1544191 1544192
2804346 contig4 493045 493046
2806459 contig4 1545954 1545955
2806459 contig4 629272 629273
2809285 contig4 1548376 1548377
2809285 contig4 531953 531954
2811542 contig4 1550493 1550494
2811542 contig4 1334586 1334587
2814157 contig4 1552813 1552814
2814157 contig4 632015 632016
2816601 contig4 1554943 1554944
2816601 contig4 1450524 1450525
2818764 contig4 1556797 1556798
2818764 contig4 1340081 1340082
2820565 contig4 1558325 1558326
2820565 contig4 202651 202652
2822882 contig4 1560135 1560136
2822882 contig4 1418590 1418591
2825209 contig4 1562033 1562034
2825209 contig4 423184 423185
2827854 contig4 1564120 1564121
2827854 contig4 997199 997200
2829607 contig4 1565861 1565862
2829607 contig4 1335903 1335904
2832456 contig4 1568370 1568371
2832456 contig4 246325 246326
2834801 contig4 1570278 1570279
2834801 contig4 231013 231014
2836996 contig4 1571889 1571890
2836996 contig4 615994 615995
2839530 contig4 1573747 1573748
2839530 contig4 1391952 1391953
2843074 contig4 1576315 1576316
2843074 contig4 603260 603261
2845411 contig4 1578234 1578235
2845411 contig4 183241 183242
2848371 contig4 1580876 1580877
2848371 contig4 558855 558856
2850251 contig4 1582515 1582516
2850251 contig4 972804 972805
2852475 contig4 1584371 1584372
2852475 contig4 1008087 1008088
2854089 contig4 1585734 1585735
2854089 contig4 1159720 1159721
2856354 contig4 1587771 1587772
2856354 contig4 1245271 1245272
2860034 contig4 1590952 1590953
2860034 contig4 113419 113420
2862413 contig4 1592885 1592886
2862413 contig4 1526275 1526276
2864418 contig4 1594583 1594584
2864418 contig4 265443 265444
2867264 contig4 1597132 1597133
2867264 contig4 1448968 1448969
2869516 contig4 1599026 1599027
2869516 contig4 500553 500554
2872714 contig4 1601727 1601728
2872714 contig4 645844 645845
2875586 contig4 1603936 1603937
2875586 contig4 1067444 1067445
2878006 contig4 1605891 1605892
2878006 contig4 1499877 1499878
2880173 contig4 1607619 1607620
2880173 contig4 238643 238644
2882483 contig4 1609483 1609484
2882483 contig4 142613 142614
2885428 contig4 1612050 1612051
2885428 contig4 518704 518705
2887115 contig4 1613533 1613534
2887115 contig4 958531 958532
2888793 contig4 1614908 1614909
2888793 contig4 777302 777303
2891797 contig4 1617382 1617383
2891797 contig4 187881 187882
2893737 contig4 1619067 1619068
2893737 contig4 526282 526283
2895777 contig4 1620859 1620860
2895777 contig4 1252108 1252109
2898657 contig4 1623085 1623086
2898657 contig4 1070725 1070726
2901243 contig4 1625205 1625206
2901243 contig4 443205 443206
2904053 contig4 1627465 1627466
2904053 contig4 617199 617200
2906874 contig4 1629740 1629741
2906874 contig4 931548 931549
2909413 contig4 1631767 1631768
2909413 contig4 905847 905848
2911307 contig4 1633334 1633335
2911307 contig4 1458759 1458760
2914021 contig4 1635834 1635835
2914021 contig4 252090 252091
2916554 contig4 1637963 1637964
2916554 contig4 238112 238113
2918970 contig4 1639999 1640000
2918970 contig4 855858 855859
2921283 contig4 1641950 1641951
2921283 contig4 221145 221146
2924388 contig4 1644510 1644511
2924388 contig4 1606916 1606917
2927455 contig4 1646871 1646872
2927455 contig4 431317 431318
2929466 contig4 1648479 1648480
2929466 contig4 437208 437209
2932326 contig4 1650788 1650789
2932326 contig4 579721 579722
2934556 contig4 1652549 1652550
2934556 contig4 808430 808431
2937468 contig4 1654792 1654793
2937468 contig4 1093825 1093826
2940153 contig4 1656828 1656829
2940153 contig4 1138693 1138694
2942085 contig4 1658385 1658386
2942085 contig4 331204 331205
2944197 contig4 1660049 1660050
2944197 contig4 1004197 1004198
2946513 contig4 1661774 1661775
2946513 contig4 816631 816632
2948795 contig4 1663427 1663428
2948795 contig4 1533975 1533976
2951197 contig4 1665328 1665329
2951197 contig4 779868 779869
2953405 contig4 1667112 1667113
2953405 contig4 265237 265238
2956030 contig4 1669020 1669021
2956030 contig4 573003 573004
2957179 contig4 1669943 1669944
2957179 contig4 41033 41034
2959871 contig4 1672111 1672112
2959871 contig4 934253 934254
2961793 contig4 1673649 1673650
2961793 contig4 1649624 1649625
2963909 contig4 1675359 1675360
2963909 contig4 927524 927525
2965767 contig4 1676990 1676991
2965767 contig4 15795 15796
2968075 contig4 1678804 1678805
2968075 contig4 1096646 1096647
2969608 contig4 1680104 1680105
2969608 contig4 324725 324726
2971821 contig4 1681815 1681816
2971821 contig4 1589727 1589728
2974005 contig4 1683348 1683349
2974005 contig4 1097727 1097728
2975697 contig4 1684709 1684710
2975697 contig4 129764 129765
2977305 contig4 1685898 1685899
2977305 contig4 1157321 1157322
2979526 contig4 1687800 1687801
2979526 contig4 741087 741088
2981895 contig4 1689750 1689751
2981895 contig4 823089 823090
2984665 contig4 1692016 1692017
2984665 contig4 37224 37225
2986869 contig4 1693791 1693792
2986869 contig4 1195656 1195657
2988823 contig4 1695509 1695510
2988823 contig4 1525220 1525221
2992213 contig4 1698137 1698138
2992213 contig4 427068 427069
2994595 contig4 1700010 1700011
2994595 contig4 912341 912342
2997169 contig4 1702122 1702123
2997169 contig4 1493532 1493533
2999288 contig4 1703765 1703766
2999288 contig4 1246862 1246863
3001363 contig4 1705385 1705386
3001363 contig4 150855 150856
3003720 contig4 1707154 1707155
3003720 contig4 1405165 1405166
3006286 contig4 1709031 1709032
3006286 contig4 1344990 1344991
3008762 contig4 1711057 1711058
3008762 contig4 1691963 1691964
3011176 contig4 1712778 1712779
3011176 contig4 5390 5391
3013488 contig4 1714467 1714468
3013488 contig4 514051 514052
3015903 contig4 1716389 1716390
3015903 contig4 253524 253525
3018508 contig4 1718395 1718396
3018508 contig4 453043 453044
3020692 contig4 1720021 1720022
3020692 contig4 964590 964591
3022930 contig4 1721614 1721615
3022930 contig4 84646 84647
3025313 contig4 1723383 1723384
3025313 contig4 1525157 1525158
3027294 contig4 1724917 1724918
3027294 contig4 814022 814023
3028579 contig4 1726032 1726033
3028579 contig4 47079 47080
3030001 contig4 1727122 1727123
3030001 contig4 261641 261642
3032301 contig4 1728880 1728881
3032301 contig4 1519072 1519073
3034674 contig4 1730592 1730593
3034674 contig4 929742 929743
3037454 contig4 1732705 1732706
3037454 contig4 614082 614083
3039268 contig4 1733975 1733976
3039268 contig4 1719689 1719690
3040634 contig4 1735055 1735056
3040634 contig4 754262 754263
3042699 contig4 1736614 1736615
3042699 contig4 439511 439512
3045583 contig4 1738782 1738783
3045583 contig4 280504 280505
3049341 contig4 1741837 1741838
3049341 contig4 730272 730273
3051512 contig4 1743480 1743481
3051512 contig4 30679 30680
3053602 contig4 1745044 1745045
3053602 contig4 1102133 1102134
3056029 contig4 1746667 1746668
3056029 contig4 428292 428293
3059085 contig4 1748980 1748981
3059085 contig4 1586790 1586791
3061043 contig4 1750704 1750705
3061043 contig4 58496 58497
3063744 contig4 1752895 1752896
3063744 contig4 872383 872384
3066016 contig4 1754683 1754684
3066016 contig4 1746709 1746710
3067590 contig4 1755855 1755856
3067590 contig4 215773 215774
3070408 contig4 1758095 1758096
3070408 contig4 703396 703397
3072360 contig4 1759563 1759564
3072360 contig4 914346 914347
3074790 contig4 1761459 1761460
3074790 contig4 149542 149543
3076372 contig4 1762638 1762639
3076372 contig4 117484 117485
3078051 contig4 1764008 1764009
3078051 contig4 950556 950557
3080171 contig4 1765607 1765608
3080171 contig4 412132 412133
3082737 contig4 1767631 1767632
3082737 contig4 1083819 1083820
3085051 contig4 1769427 1769428
3085051 contig4 1074813 1074814
3087381 contig4 1771248 1771249
3087381 contig4 567650 567651
3089558 contig4 1772996 1772997
3089558 contig4 655646 655647
3091848 contig4 1774691 1774692
3091848 contig4 546992 546993
3094112 contig4 1776419 1776420
3094112 contig4 161620 161621
3095605 contig4 1777576 1777577
3095605 contig4 1257126 1257127
3098492 contig4 1779630 1779631
3098492 contig4 827881 827882
3101728 contig4 1782166 1782167
3101728 contig4 497485 497486
3103916 contig4 1783676 1783677
3103916 contig4 445863 445864
3106380 contig4 1785434 1785435
3106380 contig4 1388354 1388355
3108383 contig4 1786823 1786824
3108383 contig4 621837 621838
3110343 contig4 1788186 1788187
3110343 contig4 1377788 1377789
3111953 contig4 1789431 1789432
3111953 contig4 1040 1041
3114620 contig4 1791766 1791767
3114620 contig4 1310518 1310519
3117286 contig4 1793962 1793963
3117286 contig4 196897 196898
3119514 contig4 1795826 1795827
3119514 contig4 1451350 1451351
3122771 contig4 1798379 1798380
3122771 contig4 1219790 1219791
3125084 contig4 1800261 1800262
3125084 contig4 807369 807370
3127620 contig4 1802257 1802258
3127620 contig4 731282 731283
3130471 contig4 1804699 1804700
3130471 contig4 679311 679312
3133610 contig4 1806983 1806984
3133610 contig4 361101 361102
3136289 contig4 1808930 1808931
3136289 contig4 1167270 1167271
3137941 contig4 1810128 1810129
3137941 contig4 918189 918190
3139923 contig4 1811630 1811631
3139923 contig4 302033 302034
3142141 contig4 1813346 1813347
3142141 contig4 955302 955303
3143700 contig4 1814650 1814651
3143700 contig4 945456 945457
3145765 contig4 1816276 1816277
3145765 contig4 1622451 1622452
3147701 contig4 1817850 1817851
3147701 contig4 1563045 1563046
3150224 contig4 1819871 1819872
3150224 contig4 1200506 1200507
3152768 contig4 1821898 1821899
3152768 contig4 1743657 1743658
3154490 contig4 1823242 1823243
3154490 contig4 381117 381118
3156169 contig4 1824586 1824587
3156169 contig4 36050 36051
3157982 contig4 1826034 1826035
3157982 contig4 349739 349740
3159689 contig4 1827409 1827410
3159689 contig4 1482071 1482072
3162093 contig4 1829327 1829328
3162093 contig4 1655853 1655854
3164271 contig4 1831143 1831144
3164271 contig4 718947 718948
3166186 contig4 1832578 1832579
3166186 contig4 1234641 1234642
3168597 contig4 1834688 1834689
3168597 contig4 483773 483774
3171219 contig4 1836639 1836640
3171219 contig4 436972 436973
3173434 contig4 1838264 1838265
3173434 contig4 1577590 1577591
3176423 contig4 1840684 1840685
3176423 contig4 1057232 1057233
3178996 contig4 1842432 1842433
3178996 contig4 329403 329404
3182427 contig4 1844763 1844764
3182427 contig4 758711 758712
3183971 contig4 1845935 1845936
3183971 contig4 1839330 1839331
3185495 contig4 1847184 1847185
3185495 contig4 1810141 1810142
3187495 contig4 1848743 1848744
3187495 contig4 1735002 1735003
3190114 contig4 1850675 1850676
3190114 contig4 1802420 1802421
3191250 contig4 1851623 1851624
3191250 contig4 1804033 1804034
3194114 contig4 1853894 1853895
3194114 contig4 1787652 1787653
3195681 contig4 1855156 1855157
3195681 contig4 1294674 1294675
3197897 contig4 1857159 1857160
3197897 contig4 762804 762805
3201156 contig4 1859483 1859484
3201156 contig4 284596 284597
3202988 contig4 1860907 1860908
3202988 contig4 1740765 1740766
3204997 contig4 1862379 1862380
3204997 contig4 1716557 1716558
3206704 contig4 1863727 1863728
3206704 contig4 837336 837337
3208244 contig4 1865119 1865120
3208244 contig4 1582283 1582284
3209992 contig4 1866508 1866509
3209992 contig4 1774648 1774649
3212422 contig4 1868404 1868405
3212422 contig4 1545377 1545378
3213815 contig4 1869628 1869629
3213815 contig4 406642 406643
3215903 contig4 1871177 1871178
3215903 contig4 701615 701616
3218621 contig4 1872966 1872967
3218621 contig4 970769 970770
3220520 contig4 1874179 1874180
3220520 contig4 806948 806949
3222673 contig4 1875647 1875648
3222673 contig4 1813909 1813910
3224604 contig4 1877070 1877071
3224604 contig4 807699 807700
3226826 contig4 1878905 1878906
3226826 contig4 325653 325654
3228461 contig4 1880209 1880210
3228461 contig4 139951 139952
3230422 contig4 1881690 1881691
3230422 contig4 1530879 1530880
3232309 contig4 1883202 1883203
3232309 contig4 32407 32408
3234565 contig4 1884796 1884797
3234565 contig4 1838990 1838991
3236172 contig4 1886038 1886039
3236172 contig4 1676093 1676094
3238133 contig4 1887648 1887649
3238133 contig4 159378 159379
3240436 contig4 1889551 1889552
3240436 contig4 1374452 1374453
3242232 contig4 1890953 1890954
3242232 contig4 1447597 1447598
3244385 contig4 1892778 1892779
3244385 contig4 20920 20921
3247706 contig4 1895260 1895261
3247706 contig4 1580255 1580256
3249626 contig4 1896563 1896564
3249626 contig4 1235143 1235144
3251853 contig4 1898409 1898410
3251853 contig4 1128126 1128127
3253715 contig4 1900065 1900066
3253715 contig4 1377275 1377276
3256305 contig4 1902045 1902046
3256305 contig4 467043 467044
3258314 contig4 1903698 1903699
3258314 contig4 636513 636514
3259826 contig4 1904961 1904962
3259826 contig4 1822751 1822752
3262745 contig4 1907186 1907187
3262745 contig4 1193351 1193352
3265310 contig4 1909136 1909137
3265310 contig4 1757951 1757952
3267248 contig4 1910496 1910497
3267248 contig4 304937 304938
3269703 contig4 1912608 1912609
3269703 contig4 398592 398593
3271506 contig4 1913936 1913937
3271506 contig4 1417637 1417638
3272847 contig4 1914947 1914948
3272847 contig4 1166324 1166325
3275431 contig4 1916821 1916822
3275431 contig4 1085655 1085656
3276779 contig4 1917940 1917941
3276779 contig4 1244714 1244715
3278550 contig4 1919389 1919390
3278550 contig4 680523 680524
3280563 contig4 1921115 1921116
3280563 contig4 1506587 1506588
3282489 contig4 1922698 1922699
3282489 contig4 51581 51582
3284634 contig4 1924313 1924314
3284634 contig4 1489605 1489606
3286282 contig4 1925867 1925868
3286282 contig4 983274 983275
3288091 contig4 1927292 1927293
3288091 contig4 860443 860444
3290274 contig4 1929045 1929046
3290274 contig4 863051 863052
3292709 contig4 1930875 1930876
3292709 contig4 1499250 1499251
3294301 contig4 1932160 1932161
3294301 contig4 479659 479660
3296237 contig4 1933606 1933607
3296237 contig4 1456815 1456816
3298127 contig4 1935027 1935028
3298127 contig4 1234781 1234782
3299607 contig4 1936252 1936253
3299607 contig4 773150 773151
3301717 contig4 1937885 1937886
3301717 contig4 391478 391479
3304594 contig4 1940068 1940069
3304594 contig4 1833425 1833426
3307196 contig4 1942121 1942122
3307196 contig4 1921387 1921388
3308523 contig4 1943239 1943240
3308523 contig4 250789 250790
3310044 contig4 1944294 1944295
3310044 contig4 558633 558634
3312413 contig4 1945973 1945974
3312413 contig4 1685468 1685469
3314933 contig4 1947835 1947836
3314933 contig4 1313323 1313324
3317131 contig4 1949325 1949326
3317131 contig4 1663764 1663765
3319323 contig4 1950864 1950865
3319323 contig4 75602 75603
3321254 contig4 1952178 1952179
3321254 contig4 1335035 1335036
3322797 contig4 1953469 1953470
3322797 contig4 635054 635055
3324768 contig4 1954974 1954975
3324768 contig4 1069753 1069754
3326811 contig4 1956599 1956600
3326811 contig4 424739 424740
3328659 contig4 1958029 1958030
3328659 contig4 246888 246889
3330504 contig4 1959469 1959470
3330504 contig4 1469521 1469522
3331841 contig4 1960415 1960416
3331841 contig4 1051565 1051566
3334065 contig4 1961995 1961996
3334065 contig4 1432888 1432889
3335788 contig4 1963361 1963362
3335788 contig4 466479 466480
3337310 contig4 1964497 1964498
3337310 contig4 1472210 1472211
3339711 contig4 1966171 1966172
3339711 contig4 13066 13067
3341918 contig4 1967774 1967775
3341918 contig4 1169354 1169355
3343595 contig4 1968871 1968872
3343595 contig4 1852799 1852800
3345220 contig4 1969938 1969939
3345220 contig4 1130615 1130616
3347360 contig4 1971518 1971519
3347360 contig4 1771222 1771223
3349936 contig4 1973392 1973393
3349936 contig4 179450 179451
3352195 contig4 1974882 1974883
3352195 contig4 983661 983662
3353860 contig4 1976145 1976146
3353860 contig4 254491 254492
3356202 contig4 1977993 1977994
3356202 contig4 1845733 1845734
3358437 contig4 1979692 1979693
3358437 contig4 1636673 1636674
3360273 contig4 1981015 1981016
3360273 contig4 838610 838611
3361708 contig4 1982230 1982231
3361708 contig4 402607 402608
3363257 contig4 1983642 1983643
3363257 contig4 223230 223231
3365327 contig4 1985245 1985246
3365327 contig4 640704 640705
3367734 contig4 1987111 1987112
3367734 contig4 830851 830852
3368630 contig4 1987762 1987763
3368630 contig4 814721 814722
3371507 contig4 1990005 1990006
3371507 contig4 1296506 1296507
3372632 contig4 1990712 1990713
3372632 contig4 1587927 1587928
3374615 contig4 1992143 1992144
3374615 contig4 1283127 1283128
3376142 contig4 1993378 1993379
3376142 contig4 1937170 1937171
3379231 contig4 1995523 1995524
3379231 contig4 545091 545092
3381406 contig4 1997268 1997269
3381406 contig4 804874 804875
3382608 contig4 1998223 1998224
3382608 contig4 738913 738914
3384037 contig4 1999331 1999332
3384037 contig4 1713795 1713796
3385989 contig4 2000849 2000850
3385989 contig4 954917 954918
3388054 contig4 2002475 2002476
3388054 contig4 1970109 1970110
3389906 contig4 2003713 2003714
3389906 contig4 1440409 1440410
3391367 contig4 2005107 2005108
3391367 contig4 1582818 1582819
3393100 contig4 2006404 2006405
3393100 contig4 1075107 1075108
3395021 contig4 2008043 2008044
3395021 contig4 576502 576503
3397227 contig4 2009719 2009720
3397227 contig4 1280222 1280223
3399092 contig4 2011079 2011080
3399092 contig4 1022570 1022571
3400867 contig4 2012413 2012414
3400867 contig4 442311 442312
3402133 contig4 2013286 2013287
3402133 contig4 161881 161882
3403494 contig4 2014330 2014331
3403494 contig4 697720 697721
3404769 contig4 2015330 2015331
3404769 contig4 128310 128311
3406897 contig4 2016873 2016874
3406897 contig4 1782444 1782445
3408263 contig4 2017843 2017844
3408263 contig4 396419 396420
3410611 contig4 2019532 2019533
3410611 contig4 303083 303084
3412096 contig4 2020654 2020655
3412096 contig4 1700039 1700040
3414571 contig4 2022473 2022474
3414571 contig4 489085 489086
3417226 contig4 2024342 2024343
3417226 contig4 372880 372881
3419117 contig4 2025900 2025901
3419117 contig4 1605404 1605405
3420489 contig4 2027077 2027078
3420489 contig4 343511 343512
3422193 contig4 2028462 2028463
3422193 contig4 1431499 1431500
3424486 contig4 2030258 2030259
3424486 contig4 1346518 1346519
3426504 contig4 2031765 2031766
3426504 contig4 993051 993052
3427950 contig4 2032969 2032970
3427950 contig4 1260350 1260351
3429957 contig4 2034559 2034560
3429957 contig4 503214 503215
3432126 contig4 2036243 2036244
3432126 contig4 628396 628397
3434011 contig4 2037753 2037754
3434011 contig4 1604607 1604608
3435565 contig4 2038917 2038918
3435565 contig4 392621 392622
3437836 contig4 2040731 2040732
3437836 contig4 1294580 1294581
3439477 contig4 2042077 2042078
3439477 contig4 1045445 1045446
3442299 contig4 2044140 2044141
3442299 contig4 306989 306990
3444450 contig4 2045802 2045803
3444450 contig4 232773 232774
3446340 contig4 2047276 2047277
3446340 contig4 776429 776430
3447636 contig4 2048322 2048323
3447636 contig4 1596437 1596438
3449803 contig4 2050094 2050095
3449803 contig4 1751260 1751261
3451616 contig4 2051396 2051397
3451616 contig4 1246640 1246641
3453382 contig4 2052762 2052763
3453382 contig4 1107209 1107210
3455277 contig4 2054272 2054273
3455277 contig4 947076 947077
3456858 contig4 2055398 2055399
3456858 contig4 364002 364003
3459239 contig4 2057218 2057219
3459239 contig4 33227 33228
3460882 contig4 2058419 2058420
3460882 contig4 45227 45228
3462680 contig4 2059720 2059721
3462680 contig4 781797 781798
3464264 contig4 2060988 2060989
3464264 contig4 452116 452117
3466591 contig4 2062509 2062510
3466591 contig4 806262 806263
3468216 contig4 2063777 2063778
3468216 contig4 616840 616841
3470095 contig4 2065225 2065226
3470095 contig4 114337 114338
3472177 contig4 2066725 2066726
3472177 contig4 169788 169789
3474245 contig4 2068447 2068448
3474245 contig4 250986 250987
3476278 contig4 2069926 2069927
3476278 contig4 571089 571090
3477897 contig4 2071061 2071062
3477897 contig4 407435 407436
3479544 contig4 2072243 2072244
3479544 contig4 2000072 2000073
3481181 contig4 2073545 2073546
3481181 contig4 259127 259128
3482976 contig4 2074782 2074783
3482976 contig4 1379279 1379280
3483885 contig4 2075440 2075441
3483885 contig4 713741 713742
3485782 contig4 2076807 2076808
3485782 contig4 1761257 1761258
3487828 contig4 2078307 2078308
3487828 contig4 81942 81943
3489484 contig4 2079598 2079599
3489484 contig4 900169 900170
3491745 contig4 2081300 2081301
3491745 contig4 856320 856321
3493617 contig4 2082667 2082668
3493617 contig4 920746 920747
3495241 contig4 2083912 2083913
3495241 contig4 1059739 1059740
3497105 contig4 2085209 2085210
3497105 contig4 1467439 1467440
3499026 contig4 2086571 2086572
3499026 contig4 1245182 1245183
3500618 contig4 2087736 2087737
3500618 contig4 829000 829001
3501708 contig4 2088527 2088528
3501708 contig4 1249750 1249751
3504012 contig4 2090206 2090207
3504012 contig4 50479 50480
3505728 contig4 2091522 2091523
3505728 contig4 544918 544919
3507252 contig4 2092648 2092649
3507252 contig4 844314 844315
3509987 contig4 2094559 2094560
3509987 contig4 326919 326920
3511866 contig4 2095818 2095819
3511866 contig4 1249961 1249962
3513784 contig4 2097284 2097285
3513784 contig4 1393675 1393676
3515037 contig4 2098173 2098174
3515037 contig4 613049 613050
3516834 contig4 2099557 2099558
3516834 contig4 929198 929199
3518391 contig4 2100771 2100772
3518391 contig4 1419990 1419991
3520282 contig4 2102092 2102093
3520282 contig4 1961157 1961158
3522505 contig4 2103757 2103758
3522505 contig4 1668499 1668500
3523873 contig4 2104882 2104883
3523873 contig4 621828 621829
3526103 contig4 2106495 2106496
3526103 contig4 1836233 1836234
3527571 contig4 2107725 2107726
3527571 contig4 1273351 1273352
3529152 contig4 2108898 2108899
3529152 contig4 1910437 1910438
3531130 contig4 2110381 2110382
3531130 contig4 44350 44351
3533000 contig4 2111920 2111921
3533000 contig4 1123691 1123692
3534776 contig4 2113212 2113213
3534776 contig4 398693 398694
3536489 contig4 2114579 2114580
3536489 contig4 1627935 1627936
3537990 contig4 2115657 2115658
3537990 contig4 65423 65424
3539431 contig4 2116580 2116581
3539431 contig4 1289442 1289443
3540974 contig4 2117609 2117610
3540974 contig4 1938641 1938642
3542323 contig4 2118591 2118592
3542323 contig4 1817045 1817046
3544316 contig4 2119871 2119872
3544316 contig4 537480 537481
3546175 contig4 2121316 2121317
3546175 contig4 556808 556809
3548639 contig4 2122995 2122996
3548639 contig4 1331292 1331293
3551515 contig4 2124992 2124993
3551515 contig4 1135863 1135864
3553264 contig4 2126308 2126309
3553264 contig4 1917275 1917276
3554671 contig4 2127289 2127290
3554671 contig4 2063574 2063575
3556820 contig4 2128721 2128722
3556820 contig4 154559 154560
3559138 contig4 2130399 2130400
3559138 contig4 922004 922005
3560977 contig4 2131641 2131642
3560977 contig4 97669 97670
3563054 contig4 2133126 2133127
3563054 contig4 1551902 1551903
3564294 contig4 2134133 2134134
3564294 contig4 1260432 1260433
3566225 contig4 2135386 2135387
3566225 contig4 128447 128448
3567572 contig4 2136489 2136490
3567572 contig4 1708341 1708342
3570305 contig4 2138501 2138502
3570305 contig4 146133 146134
3572198 contig4 2140004 2140005
3572198 contig4 502562 502563
3574237 contig4 2141440 2141441
3574237 contig4 1854361 1854362
3576526 contig4 2143107 2143108
3576526 contig4 216350 216351
3578820 contig4 2144775 2144776
3578820 contig4 1508025 1508026
3580849 contig4 2146199 2146200
3580849 contig4 992878 992879
3582657 contig4 2147495 2147496
3582657 contig4 338812 338813
3584142 contig4 2148622 2148623
3584142 contig4 449502 449503
3585702 contig4 2149800 2149801
3585702 contig4 802248 802249
3588399 contig4 2151810 2151811
3588399 contig4 679997 679998
3589974 contig4 2152950 2152951
3589974 contig4 1434407 1434408
3591394 contig4 2153912 2153913
3591394 contig4 1324234 1324235
3593065 contig4 2155151 2155152
3593065 contig4 213847 213848
3594831 contig4 2156494 2156495
3594831 contig4 1569342 1569343
3596667 contig4 2157873 2157874
3596667 contig4 864238 864239
3598748 contig4 2159437 2159438
3598748 contig4 387340 387341
3600386 contig4 2160610 2160611
3600386 contig4 2126206 2126207
3601965 contig4 2161763 2161764
3601965 contig4 1582491 1582492
3604490 contig4 2163422 2163423
3604490 contig4 1552787 1552788
3606531 contig4 2164694 2164695
3606531 contig4 1063738 1063739
3608209 contig4 2165972 2165973
3608209 contig4 1301342 1301343
3609872 contig4 2167329 2167330
3609872 contig4 116549 116550
3611646 contig4 2168619 2168620
3611646 contig4 1697996 1697997
3613125 contig4 2169624 2169625
3613125 contig4 697057 697058
3614981 contig4 2170980 2170981
3614981 contig4 1376709 1376710
3617013 contig4 2172426 2172427
3617013 contig4 1270623 1270624
3618875 contig4 2173738 2173739
3618875 contig4 818310 818311
3620414 contig4 2174885 2174886
3620414 contig4 1884681 1884682
3621854 contig4 2175860 2175861
3621854 contig4 1572769 1572770
3623448 contig4 2177129 2177130
3623448 contig4 1837066 1837067
3625367 contig4 2178642 2178643
3625367 contig4 826062 826063
3627113 contig4 2179877 2179878
3627113 contig4 1127764 1127765
3628880 contig4 2181069 2181070
3628880 contig4 1179932 1179933
3630420 contig4 2182187 2182188
3630420 contig4 939760 939761
3632103 contig4 2183468 2183469
3632103 contig4 398007 398008
3633445 contig4 2184351 2184352
3633445 contig4 1645757 1645758
3635870 contig4 2186145 2186146
3635870 contig4 432371 432372
3638126 contig4 2187731 2187732
3638126 contig4 625471 625472
3639905 contig4 2189018 2189019
3639905 contig4 1429913 1429914
3641838 contig4 2190346 2190347
3641838 contig4 483647 483648
3643761 contig4 2191700 2191701
3643761 contig4 367373 367374
3645675 contig4 2193120 2193121
3645675 contig4 1247798 1247799
3645982 contig4 2193339 2193340
3645982 contig4 1247662 1247663
3646334 contig4 2193590 2193591
3646334 contig4 1247800 1247801
3647861 contig4 2194560 2194561
3647861 contig4 2174803 2174804
3649765 contig4 2195820 2195821
3649765 contig4 776929 776930
3651076 contig4 2196656 2196657
3651076 contig4 1759297 1759298
3652519 contig4 2197727 2197728
3652519 contig4 229733 229734
3654335 contig4 2198956 2198957
3654335 contig4 795412 795413
3655982 contig4 2200209 2200210
3655982 contig4 102266 102267
3657726 contig4 2201388 2201389
3657726 contig4 685406 685407
3659393 contig4 2202552 2202553
3659393 contig4 1269578 1269579
3661059 contig4 2203759 2203760
3661059 contig4 1471703 1471704
3663319 contig4 2205312 2205313
3663319 contig4 368377 368378
3664755 contig4 2206413 2206414
3664755 contig4 1345377 1345378
3666266 contig4 2207562 2207563
3666266 contig4 412334 412335
3668434 contig4 2209141 2209142
3668434 contig4 935516 935517
3669830 contig4 2210261 2210262
3669830 contig4 1345230 1345231
3671091 contig4 2211242 2211243
3671091 contig4 149702 149703
3672451 contig4 2212102 2212103
3672451 contig4 1312299 1312300
3673862 contig4 2213178 2213179
3673862 contig4 288592 288593
3675892 contig4 2214574 2214575
3675892 contig4 228928 228929
3677779 contig4 2215896 2215897
3677779 contig4 671244 671245
3679455 contig4 2216953 2216954
3679455 contig4 312986 312987
3681461 contig4 2218339 2218340
3681461 contig4 269202 269203
3683012 contig4 2219545 2219546
3683012 contig4 1964438 1964439
3684085 contig4 2220291 2220292
3684085 contig4 1430070 1430071
3685343 contig4 2221251 2221252
3685343 contig4 1653705 1653706
3687355 contig4 2222772 2222773
3687355 contig4 1773534 1773535
3689706 contig4 2224494 2224495
3689706 contig4 1105713 1105714
3692062 contig4 2226362 2226363
3692062 contig4 1475720 1475721
3693066 contig4 2227313 2227314
3693066 contig4 301613 301614
3694962 contig4 2228678 2228679
3694962 contig4 1263842 1263843
3696579 contig4 2229859 2229860
3696579 contig4 295418 295419
3697802 contig4 2230801 2230802
3697802 contig4 1022173 1022174
3699756 contig4 2232260 2232261
3699756 contig4 1764965 1764966
3702107 contig4 2233908 2233909
3702107 contig4 961873 961874
3704167 contig4 2235346 2235347
3704167 contig4 2034326 2034327
3705938 contig4 2236460 2236461
3705938 contig4 1542294 1542295
3708035 contig4 2238044 2238045
3708035 contig4 667991 667992
3709351 contig4 2239040 2239041
3709351 contig4 1013641 1013642
3710879 contig4 2239987 2239988
3710879 contig4 1285197 1285198
3711676 contig4 2240525 2240526
3711676 contig4 483226 483227
3712926 contig4 2241272 2241273
3712926 contig4 1381296 1381297
3714600 contig4 2242347 2242348
3714600 contig4 947166 947167
3715889 contig4 2243237 2243238
3715889 contig4 596487 596488
3717375 contig4 2244220 2244221
3717375 contig4 429288 429289
3718838 contig4 2245275 2245276
3718838 contig4 162630 162631
3720959 contig4 2246752 2246753
3720959 contig4 1518637 1518638
3722741 contig4 2247835 2247836
3722741 contig4 2091823 2091824
3724974 contig4 2249315 2249316
3724974 contig4 236820 236821
3726703 contig4 2250499 2250500
3726703 contig4 128585 128586
3727712 contig4 2251277 2251278
3727712 contig4 2048668 2048669
3729404 contig4 2252409 2252410
3729404 contig4 413333 413334
3731214 contig4 2253740 2253741
3731214 contig4 2087855 2087856
3732522 contig4 2254587 2254588
3732522 contig4 2240099 2240100
3734361 contig4 2255798 2255799
3734361 contig4 335734 335735
3736415 contig4 2257003 2257004
3736415 contig4 1932688 1932689
3738503 contig4 2258509 2258510
3738503 contig4 666101 666102
3739885 contig4 2259587 2259588
3739885 contig4 493497 493498
3741753 contig4 2260999 2261000
3741753 contig4 848573 848574
3743361 contig4 2262053 2262054
3743361 contig4 1546212 1546213
3744783 contig4 2262928 2262929
3744783 contig4 1007374 1007375
3745996 contig4 2263863 2263864
3745996 contig4 845300 845301
3747241 contig4 2264698 2264699
3747241 contig4 296480 296481
3748575 contig4 2265481 2265482
3748575 contig4 418388 418389
3750931 contig4 2267040 2267041
3750931 contig4 735255 735256
3752351 contig4 2267928 2267929
3752351 contig4 520646 520647
3753984 contig4 2269072 2269073
3753984 contig4 1394687 1394688
3755303 contig4 2269979 2269980
3755303 contig4 1730293 1730294
3757170 contig4 2271196 2271197
3757170 contig4 1620883 1620884
3758293 contig4 2272083 2272084
3758293 contig4 2171105 2171106
3760665 contig4 2273642 2273643
3760665 contig4 286011 286012
3762327 contig4 2274705 2274706
3762327 contig4 2163600 2163601
3764405 contig4 2276173 2276174
3764405 contig4 336845 336846
3766168 contig4 2277319 2277320
3766168 contig4 735165 735166
3768317 contig4 2278613 2278614
3768317 contig4 583215 583216
3769847 contig4 2279777 2279778
3769847 contig4 377024 377025
3771678 contig4 2281053 2281054
3771678 contig4 83852 83853
3773699 contig4 2282396 2282397
3773699 contig4 257678 257679
3775927 contig4 2283671 2283672
3775927 contig4 509818 509819
3778396 contig4 2285163 2285164
3778396 contig4 1239427 1239428
3780185 contig4 2286475 2286476
3780185 contig4 352029 352030
3781834 contig4 2287716 2287717
3781834 contig4 104186 104187
3783369 contig4 2288782 2288783
3783369 contig4 1325997 1325998
3784923 contig4 2289937 2289938
3784923 contig4 380368 380369
3786412 contig4 2291089 2291090
3786412 contig4 2094487 2094488
3787682 contig4 2291989 2291990
3787682 contig4 506704 506705
3789296 contig4 2293091 2293092
3789296 contig4 280057 280058
3791464 contig4 2294605 2294606
3791464 contig4 1497039 1497040
3792865 contig4 2295520 2295521
3792865 contig4 866027 866028
3794168 contig4 2296386 2296387
3794168 contig4 1564607 1564608
3795450 contig4 2297307 2297308
3795450 contig4 1433274 1433275
3797648 contig4 2298783 2298784
3797648 contig4 1962392 1962393
3799168 contig4 2299849 2299850
3799168 contig4 592139 592140
3801018 contig4 2301163 2301164
3801018 contig4 1080753 1080754
3802854 contig4 2302365 2302366
3802854 contig4 542796 542797
3804803 contig4 2303876 2303877
3804803 contig4 1814885 1814886
3806542 contig4 2305195 2305196
3806542 contig4 150726 150727
3808355 contig4 2306506 2306507
3808355 contig4 598414 598415
3809691 contig4 2307368 2307369
3809691 contig4 1908483 1908484
3811098 contig4 2308294 2308295
3811098 contig4 643729 643730
3813043 contig4 2309651 2309652
3813043 contig4 1822074 1822075
3814968 contig4 2310989 2310990
3814968 contig4 1612963 1612964
3817457 contig4 2312762 2312763
3817457 contig4 1930860 1930861
3818468 contig4 2313643 2313644
3818468 contig4 1136705 1136706
3819957 contig4 2314712 2314713
3819957 contig4 310236 310237
3821552 contig4 2315762 2315763
3821552 contig4 185703 185704
3823443 contig4 2316907 2316908
3823443 contig4 1272639 1272640
3824577 contig4 2317662 2317663
3824577 contig4 2277949 2277950
3826285 contig4 2318799 2318800
3826285 contig4 1680158 1680159
3828197 contig4 2320132 2320133
3828197 contig4 1476366 1476367
3829701 contig4 2321212 2321213
3829701 contig4 985639 985640
3831092 contig4 2322236 2322237
3831092 contig4 541829 541830
3832221 contig4 2323097 2323098
3832221 contig4 1166678 1166679
3833701 contig4 2324148 2324149
3833701 contig4 544184 544185
3835281 contig4 2325143 2325144
3835281 contig4 450426 450427
3837287 contig4 2326552 2326553
3837287 contig4 681814 681815
3838777 contig4 2327624 2327625
3838777 contig4 1890806 1890807
3840804 contig4 2328957 2328958
3840804 contig4 402731 402732
3842093 contig4 2329897 2329898
3842093 contig4 2171387 2171388
3843556 contig4 2330910 2330911
3843556 contig4 357678 357679
3846085 contig4 2332673 2332674
3846085 contig4 89008 89009
3847514 contig4 2333588 2333589
3847514 contig4 476946 476947
3848884 contig4 2334497 2334498
3848884 contig4 1568138 1568139
3850310 contig4 2335525 2335526
3850310 contig4 739499 739500
3853700 contig4 2337810 2337811
3853700 contig4 1855201 1855202
3855581 contig4 2338938 2338939
3855581 contig4 1925148 1925149
3857287 contig4 2339998 2339999
3857287 contig4 535061 535062
3858781 contig4 2341075 2341076
3858781 contig4 5378 5379
3860603 contig4 2342213 2342214
3860603 contig4 1445718 1445719
3862479 contig4 2343466 2343467
3862479 contig4 1448072 1448073
3864199 contig4 2344703 2344704
3864199 contig4 846085 846086
3865752 contig4 2345721 2345722
3865752 contig4 424588 424589
3867846 contig4 2347163 2347164
3867846 contig4 2073750 2073751
3869773 contig4 2348495 2348496
3869773 contig4 2331683 2331684
3871287 contig4 2349578 2349579
3871287 contig4 299008 299009
3873135 contig4 2350781 2350782
3873135 contig4 241357 241358
3874508 contig4 2351812 2351813
3874508 contig4 961256 961257
3876115 contig4 2353021 2353022
3876115 contig4 876631 876632
3877999 contig4 2354289 2354290
3877999 contig4 2327596 2327597
3879692 contig4 2355459 2355460
3879692 contig4 722523 722524
3881292 contig4 2356596 2356597
3881292 contig4 2312330 2312331
3882696 contig4 2357607 2357608
3882696 contig4 1755351 1755352
3884240 contig4 2358748 2358749
3884240 contig4 61388 61389
3885750 contig4 2359791 2359792
3885750 contig4 88987 88988
3887117 contig4 2360627 2360628
3887117 contig4 136823 136824
3888711 contig4 2361660 2361661
3888711 contig4 2065616 2065617
3890233 contig4 2362715 2362716
3890233 contig4 1469928 1469929
3892761 contig4 2364383 2364384
3892761 contig4 1219971 1219972
3894357 contig4 2365458 2365459
3894357 contig4 2303851 2303852
3896290 contig4 2366845 2366846
3896290 contig4 910611 910612
3897628 contig4 2367872 2367873
3897628 contig4 381251 381252
3900193 contig4 2369633 2369634
3900193 contig4 2087779 2087780
3901646 contig4 2370669 2370670
3901646 contig4 60483 60484
3903464 contig4 2371996 2371997
3903464 contig4 406760 406761
3905254 contig4 2373152 2373153
3905254 contig4 1925696 1925697
3906793 contig4 2374126 2374127
3906793 contig4 401684 401685
3908199 contig4 2374948 2374949
3908199 contig4 410249 410250
3909263 contig4 2375629 2375630
3909263 contig4 46747 46748
3909549 contig4 2375821 2375822
3909549 contig4 46565 46566
3909780 contig4 2375959 2375960
3909780 contig4 394267 394268
3910430 contig4 2376367 2376368
3910430 contig4 183194 183195
3912293 contig4 2377752 2377753
3912293 contig4 2325689 2325690
3913848 contig4 2378771 2378772
3913848 contig4 577967 577968
3915417 contig4 2379910 2379911
3915417 contig4 2285516 2285517
3916914 contig4 2380943 2380944
3916914 contig4 1784001 1784002
3918605 contig4 2382179 2382180
3918605 contig4 9003 9004
3920622 contig4 2383664 2383665
3920622 contig4 1645366 1645367
3922289 contig4 2384873 2384874
3922289 contig4 2327871 2327872
3923925 contig4 2386061 2386062
3923925 contig4 930260 930261
3925554 contig4 2387162 2387163
3925554 contig4 1565165 1565166
3927067 contig4 2388150 2388151
3927067 contig4 287999 288000
3928819 contig4 2389241 2389242
3928819 contig4 932016 932017
3930269 contig4 2390214 2390215
3930269 contig4 1359079 1359080
3931831 contig4 2391376 2391377
3931831 contig4 2095364 2095365
3933432 contig4 2392437 2392438
3933432 contig4 715193 715194
3935161 contig4 2393415 2393416
3935161 contig4 23940 23941
3936841 contig4 2394582 2394583
3936841 contig4 2047353 2047354
3938300 contig4 2395646 2395647
3938300 contig4 1708460 1708461
3939804 contig4 2396808 2396809
3939804 contig4 310479 310480
3941174 contig4 2397823 2397824
3941174 contig4 14110 14111
3942756 contig4 2398855 2398856
3942756 contig4 689511 689512
3944279 contig4 2399817 2399818
3944279 contig4 1922561 1922562
3946250 contig4 2401056 2401057
3946250 contig4 1412443 1412444
3947712 contig4 2401998 2401999
3947712 contig4 2363564 2363565
3949166 contig4 2402948 2402949
3949166 contig4 2127744 2127745
3950343 contig4 2403678 2403679
3950343 contig4 1954481 1954482
3951838 contig4 2404871 2404872
3951838 contig4 390504 390505
3953468 contig4 2406093 2406094
3953468 contig4 429939 429940
3954987 contig4 2407106 2407107
3954987 contig4 320003 320004
3957528 contig4 2408853 2408854
3957528 contig4 1634081 1634082
3958715 contig4 2409681 2409682
3958715 contig4 1637653 1637654
3960303 contig4 2410852 2410853
3960303 contig4 258909 258910
3961740 contig4 2411869 2411870
3961740 contig4 155220 155221
3963808 contig4 2413199 2413200
3963808 contig4 731674 731675
3965575 contig4 2414527 2414528
3965575 contig4 1444747 1444748
3967463 contig4 2415905 2415906
3967463 contig4 505577 505578
3968403 contig4 2416547 2416548
3968403 contig4 859488 859489
3970367 contig4 2417949 2417950
3970367 contig4 1557308 1557309
3971886 contig4 2419028 2419029
3971886 contig4 160849 160850
3973065 contig4 2419931 2419932
3973065 contig4 1622087 1622088
3974903 contig4 2421296 2421297
3974903 contig4 869174 869175
3976785 contig4 2422618 2422619
3976785 contig4 952365 952366
3978132 contig4 2423442 2423443
3978132 contig4 1987315 1987316
3980089 contig4 2424914 2424915
3980089 contig4 616726 616727
3981716 contig4 2425950 2425951
3981716 contig4 2158019 2158020
3983364 contig4 2427175 2427176
3983364 contig4 1364738 1364739
3984748 contig4 2428187 2428188
3984748 contig4 287266 287267
3986349 contig4 2429310 2429311
3986349 contig4 35442 35443
3987717 contig4 2430295 2430296
3987717 contig4 1408336 1408337
3989254 contig4 2431315 2431316
3989254 contig4 26229 26230
3990641 contig4 2432267 2432268
3990641 contig4 1901221 1901222
3992234 contig4 2433390 2433391
3992234 contig4 681436 681437
3993554 contig4 2434590 2434591
3993554 contig4 50852 50853
3994693 contig4 2435404 2435405
3994693 contig4 215416 215417
3995791 contig4 2436238 2436239
3995791 contig4 1222632 1222633
3997397 contig4 2437489 2437490
3997397 contig4 1406394 1406395
3999218 contig4 2438652 2438653
3999218 contig4 609739 609740
4001093 contig4 2439747 2439748
4001093 contig4 599805 599806
4002632 contig4 2440805 2440806
4002632 contig4 318555 318556
4004395 contig4 2442054 2442055
4004395 contig4 132628 132629
4005886 contig4 2443008 2443009
4005886 contig4 1675660 1675661
4007419 contig4 2444055 2444056
4007419 contig4 1664174 1664175
4008433 contig4 2444767 2444768
4008433 contig4 809603 809604
4009548 contig4 2445563 2445564
4009548 contig4 982552 982553
4011121 contig4 2446617 2446618
4011121 contig4 1257539 1257540
4012996 contig4 2447895 2447896
4012996 contig4 814965 814966
4014662 contig4 2449014 2449015
4014662 contig4 794854 794855
4016585 contig4 2450233 2450234
4016585 contig4 469112 469113
4017955 contig4 2451107 2451108
4017955 contig4 1070298 1070299
4019795 contig4 2452189 2452190
4019795 contig4 1692416 1692417
4021225 contig4 2453198 2453199
4021225 contig4 1762971 1762972
4022910 contig4 2454204 2454205
4022910 contig4 2143417 2143418
4024719 contig4 2455391 2455392
4024719 contig4 1716490 1716491
4026068 contig4 2456287 2456288
4026068 contig4 453057 453058
4027826 contig4 2457361 2457362
4027826 contig4 582479 582480
4029244 contig4 2458343 2458344
4029244 contig4 446175 446176
4030750 contig4 2459425 2459426
4030750 contig4 125872 125873
4032116 contig4 2460369 2460370
4032116 contig4 1099663 1099664
4033737 contig4 2461420 2461421
4033737 contig4 1341213 1341214
4035318 contig4 2462554 2462555
4035318 contig4 1550025 1550026
4036950 contig4 2463665 2463666
4036950 contig4 1192719 1192720
4039037 contig4 2465071 2465072
4039037 contig4 737470 737471
4040561 contig4 2466109 2466110
4040561 contig4 1138793 1138794
4042655 contig4 2467462 2467463
4042655 contig4 1679892 1679893
4044768 contig4 2468969 2468970
4044768 contig4 638549 638550
4046029 contig4 2469803 2469804
4046029 contig4 1581523 1581524
4047782 contig4 2471056 2471057
4047782 contig4 1624962 1624963
4049615 contig4 2472521 2472522
4049615 contig4 2448951 2448952
4051375 contig4 2473680 2473681
4051375 contig4 1784408 1784409
4053325 contig4 2474934 2474935
4053325 contig4 936827 936828
4054777 contig4 2476064 2476065
4054777 contig4 607426 607427
4056645 contig4 2477313 2477314
4056645 contig4 2413359 2413360
4058132 contig4 2478237 2478238
4058132 contig4 2326763 2326764
4059799 contig4 2479426 2479427
4059799 contig4 1725678 1725679
4061078 contig4 2480354 2480355
4061078 contig4 382359 382360
4062881 contig4 2481495 2481496
4062881 contig4 2314969 2314970
4064531 contig4 2482595 2482596
4064531 contig4 723499 723500
4065997 contig4 2483658 2483659
4065997 contig4 750519 750520
4067220 contig4 2484584 2484585
4067220 contig4 733618 733619
4068338 contig4 2485342 2485343
4068338 contig4 2025341 2025342
4069842 contig4 2486389 2486390
4069842 contig4 535801 535802
4071352 contig4 2487395 2487396
4071352 contig4 1618066 1618067
4073061 contig4 2488453 2488454
4073061 contig4 568457 568458
4074586 contig4 2489422 2489423
4074586 contig4 223395 223396
4075768 contig4 2490306 2490307
4075768 contig4 1270471 1270472
4077521 contig4 2491519 2491520
4077521 contig4 531251 531252
4079428 contig4 2492766 2492767
4079428 contig4 1449370 1449371
4081051 contig4 2493944 2493945
4081051 contig4 651673 651674
4082870 contig4 2495167 2495168
4082870 contig4 337132 337133
4084319 contig4 2496230 2496231
4084319 contig4 2117761 2117762
4085680 contig4 2497200 2497201
4085680 contig4 392224 392225
4086664 contig4 2497919 2497920
4086664 contig4 2263734 2263735
4088409 contig4 2499111 2499112
4088409 contig4 1594763 1594764
4089786 contig4 2500018 2500019
4089786 contig4 1593126 1593127
4091205 contig4 2500919 2500920
4091205 contig4 262887 262888
4093404 contig4 2502497 2502498
4093404 contig4 1584461 1584462
4095299 contig4 2503884 2503885
4095299 contig4 2169627 2169628
4097119 contig4 2505092 2505093
4097119 contig4 1430822 1430823
4098613 contig4 2506131 2506132
4098613 contig4 2486157 2486158
4100009 contig4 2507140 2507141
4100009 contig4 1674506 1674507
4101647 contig4 2508206 2508207
4101647 contig4 843228 843229
4102910 contig4 2509104 2509105
4102910 contig4 1816570 1816571
4104706 contig4 2510322 2510323
4104706 contig4 132803 132804
4106434 contig4 2511409 2511410
4106434 contig4 12574 12575
4107609 contig4 2512210 2512211
4107609 contig4 349268 349269
4109035 contig4 2513184 2513185
4109035 contig4 2298542 2298543
4110283 contig4 2513965 2513966
4110283 contig4 2082962 2082963
4111580 contig4 2514867 2514868
4111580 contig4 423464 423465
4113280 contig4 2515818 2515819
4113280 contig4 424986 424987
4114182 contig4 2516512 2516513
4114182 contig4 241821 241822
4115746 contig4 2517511 2517512
4115746 contig4 465651 465652
4117295 contig4 2518479 2518480
4117295 contig4 546093 546094
4118602 contig4 2519371 2519372
4118602 contig4 1414347 1414348
4119944 contig4 2520262 2520263
4119944 contig4 2311404 2311405
4121883 contig4 2521547 2521548
4121883 contig4 380287 380288
4123364 contig4 2522507 2522508
4123364 contig4 1513841 1513842
4124769 contig4 2523454 2523455
4124769 contig4 376856 376857
4126351 contig4 2524545 2524546
4126351 contig4 2439317 2439318
4127714 contig4 2525455 2525456
4127714 contig4 706374 706375
4129246 contig4 2526641 2526642
4129246 contig4 1213945 1213946
4130584 contig4 2527665 2527666
4130584 contig4 1824910 1824911
4131817 contig4 2528531 2528532
4131817 contig4 2247029 2247030
4133687 contig4 2529821 2529822
4133687 contig4 446064 446065
4135263 contig4 2530804 2530805
4135263 contig4 1956087 1956088
4137489 contig4 2532326 2532327
4137489 contig4 883986 883987
4138804 contig4 2533182 2533183
4138804 contig4 288649 288650
4140541 contig4 2534385 2534386
4140541 contig4 2291327 2291328
4141603 contig4 2535048 2535049
4141603 contig4 1986327 1986328
4142862 contig4 2535887 2535888
4142862 contig4 594684 594685
4143807 contig4 2536568 2536569
4143807 contig4 495930 495931
4145442 contig4 2537669 2537670
4145442 contig4 193849 193850
4146358 contig4 2538268 2538269
4146358 contig4 1644399 1644400
4147649 contig4 2539085 2539086
4147649 contig4 1822784 1822785
4148931 contig4 2539807 2539808
4148931 contig4 2361619 2361620
4150314 contig4 2540692 2540693
4150314 contig4 1095840 1095841
4151788 contig4 2541821 2541822
4151788 contig4 420887 420888
4153709 contig4 2543191 2543192
4153709 contig4 2028088 2028089
4155531 contig4 2544287 2544288
4155531 contig4 1757840 1757841
4156930 contig4 2545234 2545235
4156930 contig4 1820784 1820785
4158441 contig4 2546367 2546368
4158441 contig4 1881928 1881929
4160178 contig4 2547498 2547499
4160178 contig4 80942 80943
4161215 contig4 2548274 2548275
4161215 contig4 177489 177490
4162922 contig4 2549415 2549416
4162922 contig4 410613 410614
4164112 contig4 2550271 2550272
4164112 contig4 2388307 2388308
4165744 contig4 2551297 2551298
4165744 contig4 338149 338150
4167429 contig4 2552383 2552384
4167429 contig4 385854 385855
4168404 contig4 2553002 2553003
4168404 contig4 2472293 2472294
4169807 contig4 2554129 2554130
4169807 contig4 799879 799880
4171252 contig4 2555110 2555111
4171252 contig4 1193927 1193928
4172779 contig4 2556042 2556043
4172779 contig4 371891 371892
4174650 contig4 2557186 2557187
4174650 contig4 104491 104492
4175947 contig4 2558009 2558010
4175947 contig4 1485430 1485431
4177216 contig4 2558994 2558995
4177216 contig4 275179 275180
4178588 contig4 2559922 2559923
4178588 contig4 1606 1607
4179661 contig4 2560634 2560635
4179661 contig4 1629485 1629486
4181130 contig4 2561693 2561694
4181130 contig4 1880532 1880533
4182555 contig4 2562660 2562661
4182555 contig4 1671918 1671919
4183868 contig4 2563483 2563484
4183868 contig4 1708328 1708329
4185055 contig4 2564321 2564322
4185055 contig4 1395137 1395138
4186299 contig4 2565242 2565243
4186299 contig4 1824932 1824933
4187359 contig4 2565961 2565962
4187359 contig4 2349581 2349582
4189282 contig4 2567341 2567342
4189282 contig4 1195823 1195824
4190542 contig4 2568126 2568127
4190542 contig4 2274436 2274437
4191632 contig4 2568813 2568814
4191632 contig4 290812 290813
4192722 contig4 2569533 2569534
4192722 contig4 147096 147097
4194465 contig4 2570635 2570636
4194465 contig4 2446816 2446817
4195994 contig4 2571811 2571812
4195994 contig4 2546567 2546568
4197298 contig4 2572711 2572712
4197298 contig4 2292981 2292982
4198906 contig4 2573806 2573807
4198906 contig4 2133106 2133107
4199722 contig4 2574402 2574403
4199722 contig4 2068221 2068222
4201944 contig4 2575874 2575875
4201944 contig4 1119272 1119273
4203027 contig4 2576627 2576628
4203027 contig4 911333 911334
4205140 contig4 2578005 2578006
4205140 contig4 571019 571020
4206397 contig4 2578745 2578746
4206397 contig4 961879 961880
4208153 contig4 2580123 2580124
4208153 contig4 1340426 1340427
4210011 contig4 2581332 2581333
4210011 contig4 2283365 2283366
4212345 contig4 2582642 2582643
4212345 contig4 1763254 1763255
4214155 contig4 2583807 2583808
4214155 contig4 1139016 1139017
4215562 contig4 2584645 2584646
4215562 contig4 744432 744433
4218100 contig4 2585961 2585962
4218100 contig4 481834 481835
4219458 contig4 2586806 2586807
4219458 contig4 1584798 1584799
4220998 contig4 2587839 2587840
4220998 contig4 2332808 2332809
4222144 contig4 2588555 2588556
4222144 contig4 2494175 2494176
4223225 contig4 2589314 2589315
4223225 contig4 529759 529760
4224504 contig4 2590109 2590110
4224504 contig4 1529399 1529400
4225759 contig4 2591018 2591019
4225759 contig4 1019049 1019050
4227102 contig4 2591985 2591986
4227102 contig4 2471072 2471073
4228506 contig4 2592993 2592994
4228506 contig4 2319060 2319061
4230037 contig4 2594125 2594126
4230037 contig4 1595974 1595975
4231776 contig4 2595243 2595244
4231776 contig4 1606422 1606423
4232872 contig4 2595915 2595916
4232872 contig4 2073784 2073785
4234501 contig4 2596737 2596738
4234501 contig4 1523047 1523048
4235750 contig4 2597471 2597472
4235750 contig4 339602 339603
4236798 contig4 2598153 2598154
4236798 contig4 1680506 1680507
4238523 contig4 2599387 2599388
4238523 contig4 1139892 1139893
4240234 contig4 2600383 2600384
4240234 contig4 719891 719892
4241605 contig4 2601243 2601244
4241605 contig4 1242388 1242389
4242640 contig4 2601874 2601875
4242640 contig4 1205704 1205705
4243842 contig4 2602702 2602703
4243842 contig4 2009027 2009028
4245191 contig4 2603692 2603693
4245191 contig4 1333963 1333964
4246721 contig4 2604729 2604730
4246721 contig4 1543235 1543236
4248566 contig4 2606048 2606049
4248566 contig4 726587 726588
4249594 contig4 2606769 2606770
4249594 contig4 103 104
4250933 contig4 2607635 2607636
4250933 contig4 1732995 1732996
4252341 contig4 2608572 2608573
4252341 contig4 1810499 1810500
4253795 contig4 2609547 2609548
4253795 contig4 356447 356448
4254815 contig4 2610320 2610321
4254815 contig4 650936 650937
4256242 contig4 2611301 2611302
4256242 contig4 1223410 1223411
4257642 contig4 2612223 2612224
4257642 contig4 194742 194743
4259184 contig4 2613309 2613310
4259184 contig4 2050971 2050972
4260592 contig4 2614278 2614279
4260592 contig4 832308 832309
4364665 contig6 51248 51249
4364665 contig6 6793 6794
4443909 contig7 42941 42942
4443909 contig7 35110 35111
4553897 contig8 33199 33200
4553897 contig8 15571 15572
4589790 contig8 46648 46649
4589790 contig8 32750 32751
4627085 contig8 60924 60925
4627085 contig8 31917 31918
4667614 contig8 76232 76233
4667614 contig8 36710 36711
4687262 contig8 83690 83691
4687262 contig8 25184 25185
4705319 contig8 91037 91038
4705319 contig8 42815 42816
4733137 contig8 101074 101075
4733137 contig8 78793 78794
4750487 contig8 107785 107786
4750487 contig8 1885 1886
4763129 contig8 112157 112158
4763129 contig8 79979 79980
4784533 contig8 120023 120024
4784533 contig8 49708 49709
4801344 contig8 127023 127024
4801344 contig8 75402 75403
4881026 contig9 43213 43214
4881026 contig9 37323 37324
4926925 contig9 73032 73033
4926925 contig9 40970 40971
4966596 contig10 12964 12965
4966596 contig10 7264 7265
5064016 contig11 18531 18532
5064016 contig11 12822 12823
5145760 contig11 70091 70092
5145760 contig11 57796 57797
5191532 contig11 98500 98501
5191532 contig11 21754 21755
5230947 contig11 124150 124151
5230947 contig11 41414 41415
5254980 contig11 139666 139667
5254980 contig11 7171 7172
5274475 contig11 151808 151809
5274475 contig11 90728 90729
5288442 contig11 160720 160721
5288442 contig11 67570 67571
5308862 contig11 174026 174027
5308862 contig11 67774 67775
5515592 contig15 42198 42199
5515592 contig15 14606 14607
5621036 contig17 24742 24743
5621036 contig17 7485 7486
