153379 NODE_6_length_123590_cov_19.847990 58655 58656
153379 NODE_5_length_120262_cov_20.250687 107422 107423
268783 NODE_11_length_207389_cov_20.800173 28245 28246
268783 NODE_9_length_33879_cov_19.380974 21422 21423
315032 NODE_11_length_207389_cov_20.800173 123713 123714
315032 NODE_7_length_45975_cov_18.186646 11323 11324
315033 NODE_11_length_207389_cov_20.800173 123713 123714
315033 NODE_7_length_45975_cov_18.186646 11323 11324
315047 NODE_11_length_207389_cov_20.800173 123743 123744
315047 NODE_7_length_45975_cov_18.186646 11372 11373
315048 NODE_11_length_207389_cov_20.800173 123743 123744
315048 NODE_7_length_45975_cov_18.186646 11317 11318
315051 NODE_11_length_207389_cov_20.800173 123744 123745
315051 NODE_7_length_45975_cov_18.186646 11177 11178
315057 NODE_11_length_207389_cov_20.800173 123760 123761
315057 NODE_7_length_45975_cov_18.186646 11430 11431
315059 NODE_11_length_207389_cov_20.800173 123761 123762
315059 NODE_7_length_45975_cov_18.186646 11430 11431
315063 NODE_11_length_207389_cov_20.800173 123768 123769
315063 NODE_7_length_45975_cov_18.186646 11371 11372
315064 NODE_11_length_207389_cov_20.800173 123768 123769
315064 NODE_7_length_45975_cov_18.186646 11371 11372
315067 NODE_11_length_207389_cov_20.800173 123770 123771
315067 NODE_7_length_45975_cov_18.186646 12167 12168
315076 NODE_11_length_207389_cov_20.800173 123776 123777
315076 NODE_7_length_45975_cov_18.186646 11396 11397
315077 NODE_11_length_207389_cov_20.800173 123776 123777
315077 NODE_7_length_45975_cov_18.186646 11396 11397
315148 NODE_11_length_207389_cov_20.800173 124093 124094
315148 NODE_7_length_45975_cov_18.186646 12129 12130
315178 NODE_11_length_207389_cov_20.800173 124143 124144
315178 NODE_7_length_45975_cov_18.186646 11660 11661
315236 NODE_11_length_207389_cov_20.800173 124276 124277
315236 NODE_7_length_45975_cov_18.186646 12160 12161
315242 NODE_11_length_207389_cov_20.800173 124288 124289
315242 NODE_7_length_45975_cov_18.186646 12319 12320
315243 NODE_11_length_207389_cov_20.800173 124288 124289
315243 NODE_7_length_45975_cov_18.186646 12296 12297
315247 NODE_11_length_207389_cov_20.800173 124323 124324
315247 NODE_7_length_45975_cov_18.186646 12183 12184
315248 NODE_11_length_207389_cov_20.800173 124324 124325
315248 NODE_7_length_45975_cov_18.186646 12171 12172
334952 NODE_11_length_207389_cov_20.800173 164568 164569
334952 NODE_10_length_1095_cov_41.674885 986 987
334963 NODE_11_length_207389_cov_20.800173 164586 164587
334963 NODE_10_length_1095_cov_41.674885 935 936
334984 NODE_11_length_207389_cov_20.800173 164639 164640
334984 NODE_10_length_1095_cov_41.674885 1070 1071
346235 NODE_11_length_207389_cov_20.800173 189260 189261
346235 NODE_4_length_27331_cov_18.265047 209 210
346237 NODE_11_length_207389_cov_20.800173 189282 189283
346237 NODE_4_length_27331_cov_18.265047 319 320
346238 NODE_11_length_207389_cov_20.800173 189283 189284
346238 NODE_4_length_27331_cov_18.265047 123 124
346239 NODE_11_length_207389_cov_20.800173 189286 189287
346239 NODE_4_length_27331_cov_18.265047 495 496
346240 NODE_11_length_207389_cov_20.800173 189290 189291
346240 NODE_4_length_27331_cov_18.265047 119 120
346241 NODE_11_length_207389_cov_20.800173 189293 189294
346241 NODE_4_length_27331_cov_18.265047 106 107
346242 NODE_11_length_207389_cov_20.800173 189309 189310
346242 NODE_4_length_27331_cov_18.265047 341 342
346243 NODE_11_length_207389_cov_20.800173 189328 189329
346243 NODE_4_length_27331_cov_18.265047 76 77
346244 NODE_11_length_207389_cov_20.800173 189328 189329
346244 NODE_4_length_27331_cov_18.265047 229 230
346245 NODE_11_length_207389_cov_20.800173 189337 189338
346245 NODE_4_length_27331_cov_18.265047 174 175
346246 NODE_11_length_207389_cov_20.800173 189337 189338
346246 NODE_4_length_27331_cov_18.265047 133 134
346248 NODE_11_length_207389_cov_20.800173 189355 189356
346248 NODE_4_length_27331_cov_18.265047 336 337
346251 NODE_11_length_207389_cov_20.800173 189378 189379
346251 NODE_4_length_27331_cov_18.265047 127 128
346252 NODE_11_length_207389_cov_20.800173 189378 189379
346252 NODE_4_length_27331_cov_18.265047 81 82
346253 NODE_11_length_207389_cov_20.800173 189382 189383
346253 NODE_4_length_27331_cov_18.265047 163 164
346254 NODE_11_length_207389_cov_20.800173 189390 189391
346254 NODE_4_length_27331_cov_18.265047 81 82
346258 NODE_11_length_207389_cov_20.800173 189421 189422
346258 NODE_4_length_27331_cov_18.265047 202 203
346259 NODE_11_length_207389_cov_20.800173 189421 189422
346259 NODE_4_length_27331_cov_18.265047 57 58
346262 NODE_11_length_207389_cov_20.800173 189430 189431
346262 NODE_4_length_27331_cov_18.265047 163 164
346265 NODE_11_length_207389_cov_20.800173 189455 189456
346265 NODE_4_length_27331_cov_18.265047 43 44
346309 NODE_11_length_207389_cov_20.800173 189560 189561
346309 NODE_4_length_27331_cov_18.265047 90 91
355234 NODE_12_length_949_cov_73.054794 466 467
355234 NODE_6_length_123590_cov_19.847990 123492 123493
364968 NODE_13_length_23104_cov_17.959833 22475 22476
364968 NODE_11_length_207389_cov_20.800173 189639 189640
367250 NODE_14_length_37447_cov_19.476460 4783 4784
367250 NODE_1_length_39106_cov_19.675804 35 36
367251 NODE_14_length_37447_cov_19.476460 4783 4784
367251 NODE_1_length_39106_cov_19.675804 41 42
367312 NODE_14_length_37447_cov_19.476460 4931 4932
367312 NODE_1_length_39106_cov_19.675804 8205 8206
367331 NODE_14_length_37447_cov_19.476460 4972 4973
367331 NODE_1_length_39106_cov_19.675804 8226 8227
367343 NODE_14_length_37447_cov_19.476460 5014 5015
367343 NODE_1_length_39106_cov_19.675804 8245 8246
367346 NODE_14_length_37447_cov_19.476460 5017 5018
367346 NODE_1_length_39106_cov_19.675804 10 11
367354 NODE_14_length_37447_cov_19.476460 5052 5053
367354 NODE_1_length_39106_cov_19.675804 400 401
367355 NODE_14_length_37447_cov_19.476460 5052 5053
367355 NODE_1_length_39106_cov_19.675804 350 351
367361 NODE_14_length_37447_cov_19.476460 5091 5092
367361 NODE_1_length_39106_cov_19.675804 134 135
367364 NODE_14_length_37447_cov_19.476460 5149 5150
367364 NODE_1_length_39106_cov_19.675804 132 133
367367 NODE_14_length_37447_cov_19.476460 5160 5161
367367 NODE_1_length_39106_cov_19.675804 117 118
367368 NODE_14_length_37447_cov_19.476460 5160 5161
367368 NODE_1_length_39106_cov_19.675804 165 166
367369 NODE_14_length_37447_cov_19.476460 5160 5161
367369 NODE_1_length_39106_cov_19.675804 117 118
367370 NODE_14_length_37447_cov_19.476460 5164 5165
367370 NODE_1_length_39106_cov_19.675804 40 41
367371 NODE_14_length_37447_cov_19.476460 5168 5169
367371 NODE_1_length_39106_cov_19.675804 8242 8243
367372 NODE_14_length_37447_cov_19.476460 5181 5182
367372 NODE_1_length_39106_cov_19.675804 173 174
367373 NODE_14_length_37447_cov_19.476460 5184 5185
367373 NODE_1_length_39106_cov_19.675804 115 116
367374 NODE_14_length_37447_cov_19.476460 5219 5220
367374 NODE_1_length_39106_cov_19.675804 251 252
383814 NODE_18_length_113582_cov_18.909678 2385 2386
383814 NODE_6_length_123590_cov_19.847990 52231 52232
383962 NODE_18_length_113582_cov_18.909678 2859 2860
383962 NODE_6_length_123590_cov_19.847990 52989 52990
383969 NODE_18_length_113582_cov_18.909678 2885 2886
383969 NODE_6_length_123590_cov_19.847990 53076 53077
383970 NODE_18_length_113582_cov_18.909678 2885 2886
383970 NODE_6_length_123590_cov_19.847990 53076 53077
383998 NODE_18_length_113582_cov_18.909678 2969 2970
383998 NODE_6_length_123590_cov_19.847990 52925 52926
