615584 2.TM7.2 107962 107963
615584 2.TM7.2 109001 109002
615693 2.TM7.2 108937 108938
615693 2.TM7.2 107915 107916
615732 2.TM7.2 108990 108991
615732 2.TM7.2 107951 107952
616861 2.TM7.2 108648 108649
616861 2.TM7.2 107552 107553
617013 2.TM7.2 138424 138425
617013 2.TM7.2 21639 21640
971765 2.TM7.4 55935 55936
971765 2.TM7.4 54592 54593
972380 2.TM7.4 55986 55987
972380 2.TM7.4 54615 54616
1365583 2.TM7.5 115307 115308
1365583 2.TM7.5 108691 108692
1365877 2.TM7.5 13434 13435
1365877 2.TM7.5 18533 18534
1366036 2.TM7.5 13045 13046
1366036 2.TM7.5 19035 19036
1366306 2.TM7.5 13441 13442
1366306 2.TM7.5 18612 18613
1366381 2.TM7.5 13438 13439
1366381 2.TM7.5 18764 18765
1366436 2.TM7.5 13434 13435
1366436 2.TM7.5 18676 18677
1366782 2.TM7.5 13440 13441
1366782 2.TM7.5 18585 18586
1366783 2.TM7.5 18751 18752
1366783 2.TM7.5 13439 13440
1366887 2.TM7.5 18646 18647
1366887 2.TM7.5 13436 13437
1366908 2.TM7.5 18661 18662
1366908 2.TM7.5 13433 13434
1366956 2.TM7.5 18730 18731
1366956 2.TM7.5 13441 13442
1896333 2.TM7.6 21294 21295
1896333 2.TM7.6 29485 29486
1896679 2.TM7.6 71568 71569
1896679 2.TM7.6 73588 73589
1896762 2.TM7.6 29446 29447
1896762 2.TM7.6 21466 21467
1896846 2.TM7.6 21502 21503
1896846 2.TM7.6 29516 29517
1897007 2.TM7.6 21471 21472
1897007 2.TM7.6 29516 29517
1897299 2.TM7.6 21526 21527
1897299 2.TM7.6 29515 29516
1897671 2.TM7.6 21438 21439
1897671 2.TM7.6 29463 29464
1897676 2.TM7.6 29459 29460
1897676 2.TM7.6 21529 21530
1897765 2.TM7.6 21456 21457
1897765 2.TM7.6 29531 29532
2143381 2.TM7.7 22810 22811
2143381 2.TM7.7 17749 17750
2143514 2.TM7.7 22872 22873
2143514 2.TM7.7 17752 17753
2143515 2.TM7.7 22770 22771
2143515 2.TM7.7 17763 17764
2143653 2.TM7.7 22857 22858
2143653 2.TM7.7 17669 17670
2143839 2.TM7.7 22792 22793
2143839 2.TM7.7 17750 17751
2144139 2.TM7.7 22956 22957
2144139 2.TM7.7 17797 17798
2144274 2.TM7.7 22777 22778
2144274 2.TM7.7 17830 17831
2286488 2.TM7.8 20862 20863
2286488 2.TM7.8 10767 10768
2286517 2.TM7.8 10651 10652
2286517 2.TM7.8 20851 20852
2286745 2.TM7.8 10812 10813
2286745 2.TM7.8 20947 20948
2286778 2.TM7.8 10561 10562
2286778 2.TM7.8 20828 20829
2286889 2.TM7.8 10779 10780
2286889 2.TM7.8 20822 20823
2286921 2.TM7.8 20854 20855
2286921 2.TM7.8 10769 10770
2286925 2.TM7.8 20940 20941
2286925 2.TM7.8 10684 10685
2286927 2.TM7.8 20891 20892
2286927 2.TM7.8 10567 10568
2286935 2.TM7.8 10807 10808
2286935 2.TM7.8 20849 20850
2286990 2.TM7.8 20859 20860
2286990 2.TM7.8 10783 10784
2287002 2.TM7.8 10658 10659
2287002 2.TM7.8 20884 20885
2287030 2.TM7.8 10758 10759
2287030 2.TM7.8 20890 20891
2287089 2.TM7.8 20849 20850
2287089 2.TM7.8 10559 10560
2493987 2.TM7.9 32246 32247
2493987 2.TM7.9 33533 33534
2494020 2.TM7.9 32300 32301
2494020 2.TM7.9 34024 34025
2494026 2.TM7.9 32218 32219
2494026 2.TM7.9 34114 34115
2494122 2.TM7.9 32222 32223
2494122 2.TM7.9 34093 34094
2494152 2.TM7.9 32304 32305
2494152 2.TM7.9 33464 33465
2494159 2.TM7.9 33948 33949
2494159 2.TM7.9 32220 32221
2494179 2.TM7.9 33688 33689
2494179 2.TM7.9 32254 32255
2494214 2.TM7.9 34005 34006
2494214 2.TM7.9 32237 32238
2494226 2.TM7.9 31783 31784
2494226 2.TM7.9 30396 30397
2494235 2.TM7.9 33983 33984
2494235 2.TM7.9 32230 32231
2494266 2.TM7.9 32286 32287
2494266 2.TM7.9 33513 33514
2494267 2.TM7.9 33707 33708
2494267 2.TM7.9 32291 32292
2494285 2.TM7.9 32236 32237
2494285 2.TM7.9 33994 33995
2494316 2.TM7.9 33972 33973
2494316 2.TM7.9 32233 32234
2494317 2.TM7.9 37569 37570
2494317 2.TM7.9 45634 45635
2494387 2.TM7.9 33434 33435
2494387 2.TM7.9 32224 32225
2494398 2.TM7.9 32303 32304
2494398 2.TM7.9 33514 33515
2494442 2.TM7.9 33780 33781
2494442 2.TM7.9 32405 32406
2494444 2.TM7.9 33733 33734
2494444 2.TM7.9 32267 32268
2494446 2.TM7.9 33743 33744
2494446 2.TM7.9 32232 32233
2494466 2.TM7.9 33666 33667
2494466 2.TM7.9 32248 32249
2494471 2.TM7.9 32223 32224
2494471 2.TM7.9 34042 34043
2494481 2.TM7.9 32222 32223
2494481 2.TM7.9 34093 34094
2494499 2.TM7.9 32241 32242
2494499 2.TM7.9 34103 34104
2494515 2.TM7.9 32282 32283
2494515 2.TM7.9 33496 33497
2494531 2.TM7.9 32243 32244
2494531 2.TM7.9 33348 33349
2494549 2.TM7.9 33541 33542
2494549 2.TM7.9 32267 32268
2494552 2.TM7.9 34003 34004
2494552 2.TM7.9 32241 32242
2494553 2.TM7.9 32265 32266
2494553 2.TM7.9 33713 33714
2494561 2.TM7.9 32223 32224
2494561 2.TM7.9 33898 33899
2494571 2.TM7.9 32237 32238
2494571 2.TM7.9 34030 34031
2494579 2.TM7.9 33907 33908
2494579 2.TM7.9 32231 32232
2494602 2.TM7.9 33601 33602
2494602 2.TM7.9 32300 32301
2494609 2.TM7.9 33624 33625
2494609 2.TM7.9 32246 32247
2494648 2.TM7.9 32216 32217
2494648 2.TM7.9 33676 33677
2494649 2.TM7.9 33555 33556
2494649 2.TM7.9 32291 32292
2494656 2.TM7.9 32224 32225
2494656 2.TM7.9 34038 34039
2494682 2.TM7.9 32279 32280
2494682 2.TM7.9 33747 33748
2494685 2.TM7.9 33566 33567
2494685 2.TM7.9 32290 32291
2494694 2.TM7.9 34147 34148
2494694 2.TM7.9 32229 32230
2494699 2.TM7.9 34002 34003
2494699 2.TM7.9 32229 32230
2494708 2.TM7.9 32215 32216
2494708 2.TM7.9 33915 33916
2494713 2.TM7.9 32230 32231
2494713 2.TM7.9 33452 33453
2494733 2.TM7.9 32225 32226
2494733 2.TM7.9 33679 33680
2494738 2.TM7.9 33466 33467
2494738 2.TM7.9 32300 32301
2494742 2.TM7.9 32217 32218
2494742 2.TM7.9 34285 34286
2494752 2.TM7.9 32295 32296
2494752 2.TM7.9 33525 33526
2494773 2.TM7.9 33975 33976
2494773 2.TM7.9 32214 32215
2494789 2.TM7.9 32232 32233
2494789 2.TM7.9 34041 34042
2494790 2.TM7.9 33735 33736
2494790 2.TM7.9 32215 32216
2494794 2.TM7.9 33931 33932
2494794 2.TM7.9 32214 32215
2494806 2.TM7.9 33489 33490
2494806 2.TM7.9 32242 32243
2494821 2.TM7.9 32295 32296
2494821 2.TM7.9 34017 34018
2494839 2.TM7.9 34050 34051
2494839 2.TM7.9 32227 32228
2494864 2.TM7.9 32236 32237
2494864 2.TM7.9 34023 34024
2494867 2.TM7.9 33573 33574
2494867 2.TM7.9 32288 32289
2494868 2.TM7.9 37627 37628
2494868 2.TM7.9 45523 45524
2494931 2.TM7.9 33950 33951
2494931 2.TM7.9 32228 32229
2494936 2.TM7.9 32294 32295
2494936 2.TM7.9 33706 33707
2494947 2.TM7.9 34196 34197
2494947 2.TM7.9 32241 32242
2494952 2.TM7.9 32298 32299
2494952 2.TM7.9 33634 33635
2494955 2.TM7.9 32282 32283
2494955 2.TM7.9 33706 33707
2494968 2.TM7.9 32260 32261
2494968 2.TM7.9 34026 34027
2494970 2.TM7.9 32247 32248
2494970 2.TM7.9 33745 33746
2494974 2.TM7.9 32269 32270
2494974 2.TM7.9 33326 33327
2494982 2.TM7.9 32267 32268
2494982 2.TM7.9 34024 34025
2495005 2.TM7.9 32230 32231
2495005 2.TM7.9 34071 34072
2495025 2.TM7.9 34147 34148
2495025 2.TM7.9 32229 32230
2495031 2.TM7.9 34014 34015
2495031 2.TM7.9 32214 32215
2495041 2.TM7.9 33514 33515
2495041 2.TM7.9 32303 32304
2495049 2.TM7.9 33718 33719
2495049 2.TM7.9 32302 32303
2495053 2.TM7.9 33908 33909
2495053 2.TM7.9 32215 32216
2495058 2.TM7.9 33619 33620
2495058 2.TM7.9 32228 32229
2495064 2.TM7.9 34061 34062
2495064 2.TM7.9 32215 32216
2495077 2.TM7.9 32226 32227
2495077 2.TM7.9 33948 33949
2495090 2.TM7.9 32254 32255
2495090 2.TM7.9 33578 33579
2495094 2.TM7.9 32291 32292
2495094 2.TM7.9 33555 33556
2495114 2.TM7.9 33627 33628
2495114 2.TM7.9 32221 32222
2495116 2.TM7.9 32289 32290
2495116 2.TM7.9 33548 33549
2495121 2.TM7.9 33349 33350
2495121 2.TM7.9 32251 32252
2495125 2.TM7.9 32215 32216
2495125 2.TM7.9 34019 34020
2495128 2.TM7.9 32213 32214
2495128 2.TM7.9 33469 33470
2495138 2.TM7.9 32213 32214
2495138 2.TM7.9 33969 33970
2495139 2.TM7.9 32226 32227
2495139 2.TM7.9 33676 33677
2722983 2.TM7.11 579 580
2722983 2.TM7.11 9806 9807
2722993 2.TM7.11 9634 9635
2722993 2.TM7.11 615 616
2723011 2.TM7.11 579 580
2723011 2.TM7.11 9730 9731
2723050 2.TM7.11 589 590
2723050 2.TM7.11 9996 9997
2723130 2.TM7.11 639 640
2723130 2.TM7.11 9741 9742
2723144 2.TM7.11 9659 9660
2723144 2.TM7.11 618 619
2723157 2.TM7.11 9637 9638
2723157 2.TM7.11 440 441
2723167 2.TM7.11 590 591
2723167 2.TM7.11 10000 10001
2723248 2.TM7.11 9687 9688
2723248 2.TM7.11 611 612
2723279 2.TM7.11 9665 9666
2723279 2.TM7.11 451 452
2723389 2.TM7.11 564 565
2723389 2.TM7.11 9668 9669
2723407 2.TM7.11 9667 9668
2723407 2.TM7.11 569 570
2723425 2.TM7.11 9735 9736
2723425 2.TM7.11 580 581
2723431 2.TM7.11 9654 9655
2723431 2.TM7.11 562 563
2723444 2.TM7.11 9751 9752
2723444 2.TM7.11 559 560
2723454 2.TM7.11 529 530
2723454 2.TM7.11 9787 9788
2723457 2.TM7.11 534 535
2723457 2.TM7.11 9648 9649
2723462 2.TM7.11 9645 9646
2723462 2.TM7.11 527 528
2723476 2.TM7.11 9680 9681
2723476 2.TM7.11 642 643
2723488 2.TM7.11 9689 9690
2723488 2.TM7.11 439 440
2723497 2.TM7.11 554 555
2723497 2.TM7.11 9640 9641
2723533 2.TM7.11 9968 9969
2723533 2.TM7.11 400 401
2723571 2.TM7.11 525 526
2723571 2.TM7.11 9642 9643
2723577 2.TM7.11 545 546
2723577 2.TM7.11 9664 9665
