2.TM7.11 0 1000 24
2.TM7.11 10000 11000 1
2.TM7.11 9000 10000 23
2.TM7.2 107000 108000 4
2.TM7.2 108000 109000 3
2.TM7.2 109000 110000 1
2.TM7.2 138000 139000 1
2.TM7.2 21000 22000 1
2.TM7.4 54000 55000 2
2.TM7.4 55000 56000 2
2.TM7.5 108000 109000 1
2.TM7.5 115000 116000 1
2.TM7.5 13000 14000 10
2.TM7.5 18000 19000 9
2.TM7.5 19000 20000 1
2.TM7.6 21000 22000 8
2.TM7.6 29000 30000 8
2.TM7.6 71000 72000 1
2.TM7.6 73000 74000 1
2.TM7.7 17000 18000 7
2.TM7.7 22000 23000 7
2.TM7.8 10000 11000 13
2.TM7.8 20000 21000 13
2.TM7.9 30000 31000 1
2.TM7.9 31000 32000 1
2.TM7.9 32000 33000 81
2.TM7.9 33000 34000 56
2.TM7.9 34000 35000 25
2.TM7.9 37000 38000 2
2.TM7.9 45000 46000 2
