2.TM7.1 3025 3300 1
2.TM7.1 4125 4400 1
2.TM7.1 4950 5225 2
2.TM7.2 5500 5775 1
2.TM7.2 6325 6600 2
2.TM7.2 14575 14850 1
2.TM7.2 18975 19250 2
2.TM7.2 26675 26950 1
2.TM7.2 28875 29150 2
2.TM7.2 30250 30525 2
2.TM7.2 42350 42625 1
2.TM7.2 50325 50600 2
2.TM7.2 50875 51150 1
2.TM7.2 58850 59125 1
2.TM7.2 75625 75900 2
2.TM7.2 75900 76175 1
2.TM7.2 97350 97625 1
2.TM7.2 112750 113025 2
2.TM7.2 114950 115225 2
2.TM7.2 117700 117975 2
2.TM7.2 127050 127325 2
2.TM7.2 127325 127600 1
2.TM7.2 137500 137775 1
2.TM7.2 147950 148225 1
2.TM7.2 157300 157575 1
2.TM7.2 165000 165275 2
2.TM7.2 165275 165550 1
2.TM7.2 167475 167750 2
2.TM7.2 173250 173525 1
2.TM7.2 180950 181225 2
2.TM7.2 186175 186450 2
2.TM7.2 189200 189475 1
2.TM7.2 193875 194150 2
2.TM7.2 201850 202125 1
2.TM7.2 206525 206800 2
2.TM7.3 0 645 5
2.TM7.3 0 645 6
2.TM7.3 275 550 2
2.TM7.4 1925 2200 2
2.TM7.4 2000 3400 4
2.TM7.4 2000 3400 3
2.TM7.4 9075 9350 1
2.TM7.4 10725 11000 2
2.TM7.4 17875 18150 1
2.TM7.4 31350 31625 2
2.TM7.4 36025 36300 1
2.TM7.4 38775 39050 1
2.TM7.4 46200 46475 2
2.TM7.4 46475 46750 1
2.TM7.4 58025 58300 1
2.TM7.4 77000 77275 1
2.TM7.4 78100 78375 2
2.TM7.4 78925 79200 2
2.TM7.4 80575 80850 2
2.TM7.4 85800 86075 2
2.TM7.4 103400 103675 1
2.TM7.4 110275 110550 2
2.TM7.4 116875 117150 2
2.TM7.4 125950 126225 2
2.TM7.5 5500 5775 2
2.TM7.5 17600 17875 1
2.TM7.5 38775 39050 1
2.TM7.5 48950 49225 2
2.TM7.5 54725 55000 1
2.TM7.5 68200 68475 1
2.TM7.5 87450 87725 1
2.TM7.5 89925 90200 1
2.TM7.5 92125 92400 2
2.TM7.5 93225 93500 2
2.TM7.5 100925 101200 2
2.TM7.5 120175 120450 1
2.TM7.5 138875 139150 2
2.TM7.6 0 1200 3
2.TM7.6 7975 8250 1
2.TM7.6 10725 11000 2
2.TM7.6 11000 11550 1
2.TM7.6 15125 15400 1
2.TM7.6 15675 15950 1
2.TM7.6 33825 34100 1
2.TM7.6 34375 34650 2
2.TM7.6 35200 35475 2
2.TM7.6 36025 36575 1
2.TM7.6 43600 44800 3
2.TM7.6 43725 44000 2
2.TM7.6 46475 46750 2
2.TM7.6 51150 51425 2
2.TM7.6 61325 61600 1
2.TM7.6 69025 69300 2
2.TM7.6 83050 83325 1
2.TM7.6 94600 94875 1
2.TM7.6 104775 105050 2
2.TM7.6 105050 105325 1
2.TM7.6 105600 105875 2
2.TM7.6 110275 110550 2
2.TM7.6 114950 115225 2
2.TM7.6 115225 115500 1
2.TM7.6 127325 127600 2
2.TM7.6 128700 128975 2
2.TM7.6 128975 129250 1
2.TM7.6 148500 148775 1
2.TM7.6 149875 150150 1
2.TM7.6 151800 152075 1
2.TM7.6 189475 189750 2
2.TM7.7 1650 1925 2
2.TM7.7 1925 2200 1
2.TM7.7 4400 4675 1
2.TM7.7 9350 9625 2
2.TM7.7 9625 9900 1
2.TM7.7 17325 17600 2
2.TM7.7 18425 18700 2
2.TM7.7 40150 40425 1
2.TM7.7 51425 51700 1
2.TM7.7 68475 68750 2
2.TM7.7 72325 72600 2
2.TM7.7 73700 73975 1
2.TM7.7 81125 81400 2
2.TM7.8 0 1000 3
2.TM7.8 1100 1375 2
2.TM7.8 2000 3000 3
2.TM7.8 6875 7150 2
2.TM7.8 8525 8800 2
2.TM7.8 9900 10175 2
2.TM7.8 15400 15675 1
2.TM7.8 21725 22000 1
2.TM7.8 28600 28875 2
2.TM7.8 29150 29425 2
2.TM7.8 31350 31625 1
2.TM7.8 35600 36600 3
2.TM7.8 40975 41250 2
2.TM7.8 46200 46475 2
2.TM7.8 47300 47575 2
2.TM7.8 50875 51150 1
2.TM7.8 52250 52525 1
2.TM7.8 53075 53350 1
2.TM7.8 55275 55550 2
2.TM7.9 14025 14300 1
2.TM7.9 31900 32175 2
2.TM7.9 37400 37675 1
2.TM7.9 38500 38775 2
2.TM7.9 46750 47025 2
2.TM7.9 49225 49500 2
2.TM7.9 76450 76725 2
2.TM7.10 2200 2475 1
2.TM7.10 9075 9350 2
2.TM7.10 12650 12925 2
2.TM7.10 13200 13475 1
2.TM7.10 29700 29975 1
2.TM7.10 30525 30800 2
2.TM7.10 32450 32725 2
2.TM7.10 32725 33000 1
2.TM7.10 33275 33550 1
2.TM7.10 33550 33825 2
2.TM7.11 29975 30250 2
2.TM7.11 31400 32400 3
2.TM7.11 31625 31900 2
2.TM7.11 33275 33550 1
2.TM7.11 39325 39600 2
2.TM7.11 51150 51425 2
2.TM7.12 0 1000 5
2.TM7.12 0 1000 6
2.TM7.12 550 825 2
2.TM7.13 550 1100 2
2.TM7.14 0 2000 4
2.TM7.14 0 2000 3
2.TM7.14 1650 1925 2
2.TM7.15 0 1600 3
2.TM7.15 275 550 2
2.TM7.15 400 1400 4
2.TM7.15 1925 2200 2
